i	bp(i)	bp(j)	avgMFE	avgZ	avgED	*Indicates most favorable bp has competition; bp(j) has more favorable partner or is more likely to be unpaired
nt-1:	1	1	-25.7	-0.51	32.9
nt-2:	2	2	-25.7	-0.45	34.42
nt-3:	3	3	-25.7	-0.42	34.75
nt-4:	4	4	-25.7	-0.3	34.3
nt-5:	5	5	-25.7	-0.28	33.79
nt-6:	6	6	-25.7	-0.28	33.82
nt-7:	7	7	-25.83	-0.29	34.91
nt-8:	8	8	-26.34	-0.4	34.77
nt-9:	9	9	-26.94	-0.55	34.81
nt-10:	10	10	-27.48	-0.68	34.72
nt-11:	11	86	-27.89	-0.77	34.79
nt-12:	12	85	-27.89	-0.77	34.79
nt-13:	13	84	-27.89	-0.77	34.79
nt-14:	14	83	-27.89	-0.77	34.79
nt-15:	15	82	-27.89	-0.77	34.79
nt-16:	16	81	-27.89	-0.77	34.79
nt-17:	17	80	-27.89	-0.77	34.79
nt-18:	18	79	-27.89	-0.77	34.79
nt-19:	19	19	-29.07	-0.92	31.49
nt-20:	20	20	-31.05	-1.23	25.85
nt-21:	21	21	-31.14	-1.28	25.61
nt-22*:	22	74	-27.89	-0.77	34.79
nt-23:	23	23	-31.0	-1.37	24.31
nt-24:	24	137	-31.8	-1.68	22.73
nt-25:	25	136	-31.54	-1.62	23.31
nt-26:	26	135	-31.09	-1.54	23.83
nt-27:	27	134	-31.09	-1.54	23.83
nt-28:	28	133	-31.09	-1.54	23.83
nt-29:	29	29	-28.66	-0.94	30.97
nt-30:	30	30	-30.61	-1.45	23.4
nt-31:	31	31	-30.21	-1.4	23.15
nt-32:	32	32	-29.96	-1.49	21.64
nt-33:	33	33	-29.9	-1.48	21.31
nt-34:	34	34	-29.13	-1.21	26.07
nt-35:	35	35	-29.12	-1.21	25.75
nt-36:	36	36	-29.12	-1.21	25.45
nt-37:	37	37	-29.91	-1.38	21.48
nt-38:	38	38	-29.87	-1.38	21.27
nt-39:	39	39	-29.1	-1.21	24.64
nt-40:	40	40	-29.09	-1.21	24.39
nt-41:	41	41	-29.77	-1.44	19.23
nt-42:	42	42	-29.73	-1.41	19.09
nt-43:	43	43	-29.68	-1.36	19.39
nt-44:	44	147	-28.82	-1.27	15.99
nt-45:	45	146	-28.69	-1.25	16.34
nt-46:	46	145	-28.69	-1.25	16.34
nt-47:	47	47	-29.36	-1.05	28.77
nt-48:	48	48	-29.42	-1.07	28.93
nt-49:	49	142	-28.69	-1.25	16.34
nt-50:	50	141	-28.69	-1.25	16.34
nt-51:	51	76	-28.68	-1.22	16.91
nt-52:	52	75	-28.68	-1.22	16.91
nt-53:	53	74	-28.68	-1.22	16.91
nt-54:	54	73	-28.68	-1.22	16.91
nt-55:	55	55	-28.43	-0.99	23.74
nt-56:	56	56	-27.39	-0.82	23.24
nt-57:	57	57	-27.5	-0.95	18.25
nt-58:	58	71	-28.68	-1.22	16.91
nt-59:	59	70	-28.68	-1.22	16.91
nt-60:	60	60	-28.43	-1.04	23.67
nt-61:	61	61	-27.84	-0.92	23.22
nt-62:	62	62	-27.7	-0.94	20.56
nt-63:	63	63	-27.48	-0.9	20.78
nt-64:	64	64	-27.46	-0.87	23.22
nt-65:	65	65	-27.36	-0.85	23.17
nt-66:	66	66	-27.14	-0.85	20.77
nt-67:	67	67	-27.05	-0.84	20.84
nt-68:	68	68	-27.04	-0.8	23.18
nt-69:	69	69	-26.8	-0.8	21.01
nt-70:	59	70	-25.8	-0.59	23.04
nt-71:	58	71	-27.69	-0.88	23.61
nt-72:	72	72	-26.71	-0.83	19.31
nt-73:	54	73	-28.68	-1.22	16.91
nt-74:	53	74	-28.68	-1.22	16.91
nt-75:	52	75	-28.68	-1.22	16.91
nt-76:	51	76	-28.68	-1.22	16.91
nt-77:	77	77	-27.34	-0.88	23.36
nt-78:	78	78	-27.55	-0.9	27.71
nt-79:	18	79	-25.67	-0.7	18.66
nt-80:	17	80	-25.67	-0.7	18.66
nt-81:	16	81	-25.67	-0.7	18.66
nt-82:	15	82	-25.67	-0.7	18.66
nt-83:	14	83	-25.47	-0.68	18.6
nt-84:	13	84	-24.43	-0.54	19.53
nt-85:	12	85	-25.6	-0.69	21.92
nt-86:	11	86	-25.67	-0.7	18.66
nt-87*:	87	97	-25.67	-0.7	18.66
nt-88*:	88	96	-25.67	-0.7	18.66
nt-89:	89	89	-25.77	-0.71	21.83
nt-90:	90	90	-25.73	-0.74	20.82
nt-91:	91	91	-25.69	-0.74	20.67
nt-92:	92	92	-26.48	-0.87	20.35
nt-93:	93	106	-30.79	-1.37	27.8
nt-94*:	94	105	-30.79	-1.37	27.8
nt-95:	95	95	-24.39	-0.49	20.9
nt-96:	96	96	-25.24	-0.76	21.68
nt-97:	97	97	-25.13	-0.75	21.78
nt-98*:	98	98	-25.02	-0.75	21.87
nt-99:	99	99	-24.81	-0.73	21.98
nt-100:	100	100	-27.02	-0.83	22.99
nt-101:	101	101	-26.89	-0.82	22.96
nt-102*:	102	102	-27.62	-0.88	26.3
nt-103*:	103	103	-30.79	-1.37	27.8
nt-104*:	104	95	-30.79	-1.37	27.8
nt-105*:	105	94	-30.79	-1.37	27.8
nt-106:	93	106	-30.79	-1.37	27.8
nt-107:	107	107	-24.63	-0.62	21.63
nt-108:	108	128	-24.41	-0.63	20.62
nt-109:	109	127	-24.38	-0.62	20.79
nt-110:	110	126	-24.28	-0.6	21.04
nt-111:	111	125	-24.15	-0.58	21.13
nt-112:	112	124	-24.15	-0.58	21.13
nt-113:	113	123	-24.15	-0.58	21.13
nt-114:	114	122	-24.15	-0.58	21.13
nt-115:	115	121	-24.15	-0.58	21.13
nt-116:	116	116	-23.62	-0.45	22.08
nt-117:	117	117	-23.51	-0.44	22.08
nt-118:	118	118	-23.4	-0.42	22.08
nt-119:	119	119	-23.29	-0.4	22.08
nt-120:	120	120	-23.53	-0.44	21.86
nt-121:	115	121	-24.15	-0.58	21.13
nt-122:	114	122	-24.15	-0.58	21.13
nt-123:	113	123	-24.15	-0.58	21.13
nt-124:	112	124	-24.15	-0.58	21.13
nt-125:	111	125	-24.15	-0.58	21.13
nt-126:	110	126	-24.28	-0.6	21.04
nt-127:	109	127	-24.38	-0.62	20.79
nt-128:	108	128	-24.41	-0.63	20.62
nt-129:	129	139	-23.05	-0.46	19.19
nt-130:	130	138	-23.05	-0.46	19.19
nt-131*:	131	137	-23.05	-0.46	19.19
nt-132*:	132	136	-23.05	-0.46	19.19
nt-133:	28	133	-31.09	-1.54	23.83
nt-134:	27	134	-21.68	-0.17	20.64
nt-135:	26	135	-31.09	-1.54	23.83
nt-136:	25	136	-23.05	-0.46	19.19
nt-137:	24	137	-23.05	-0.46	19.19
nt-138:	130	138	-23.05	-0.46	19.19
nt-139:	129	139	-23.05	-0.46	19.19
nt-140*:	140	22	-32.4	-2.12	23.43
nt-141:	50	141	-28.69	-1.25	16.34
nt-142:	49	142	-28.69	-1.25	16.34
nt-143*:	143	48	-28.69	-1.25	16.34
nt-144*:	144	47	-28.69	-1.25	16.34
nt-145:	46	145	-28.69	-1.25	16.34
nt-146:	45	146	-28.69	-1.25	16.34
nt-147:	44	147	-28.82	-1.27	15.99
nt-148:	148	148	-19.3	0.24	21.23
nt-149:	149	149	-19.19	0.26	21.31
nt-150:	150	150	-19.08	0.29	21.4
nt-151:	151	151	-18.97	0.32	21.51
nt-152*:	152	193	-15.7	1.2	26.21
nt-153:	153	227	-13.9	0.77	25.55
nt-154:	154	226	-13.9	0.77	25.55
nt-155:	155	225	-13.9	0.77	25.55
nt-156:	156	224	-13.9	0.77	25.55
nt-157:	157	223	-13.9	0.77	25.55
nt-158:	158	158	-18.29	0.47	22.25
nt-159:	159	159	-18.19	0.49	22.35
nt-160*:	160	53	-26.9	-0.57	21.76
nt-161:	161	161	-22.49	-0.32	23.14
nt-162*:	162	51	-26.9	-0.57	21.76
nt-163*:	163	50	-26.9	-0.57	21.76
nt-164*:	164	49	-27.2	-0.62	21.87
nt-165*:	165	48	-27.7	-0.7	20.37
nt-166:	166	166	-17.45	0.64	23.09
nt-167:	167	167	-17.38	0.66	23.12
nt-168*:	168	131	-13.46	1.1	28.29
nt-169*:	169	130	-13.46	1.1	28.29
nt-170*:	170	105	-21.37	-0.24	24.36
nt-171*:	171	104	-21.37	-0.24	24.36
nt-172*:	172	103	-21.37	-0.24	24.36
nt-173*:	173	102	-21.37	-0.24	24.36
nt-174*:	174	101	-21.37	-0.24	24.36
nt-175*:	175	100	-21.37	-0.24	24.36
nt-176:	176	176	-17.31	0.7	23.09
nt-177*:	177	213	-18.3	0.84	26.14
nt-178*:	178	212	-18.3	0.84	26.14
nt-179*:	179	211	-18.3	0.84	26.14
nt-180*:	180	210	-18.3	0.84	26.14
nt-181*:	181	208	-18.63	0.85	26.35
nt-182*:	182	207	-18.63	0.85	26.35
nt-183*:	183	77	-22.53	-0.29	24.46
nt-184*:	184	76	-22.53	-0.29	24.46
nt-185*:	185	75	-22.53	-0.29	24.46
nt-186*:	186	74	-22.53	-0.29	24.46
nt-187*:	187	203	-23.5	0.63	35.85
nt-188:	188	202	-23.5	0.63	35.85
nt-189*:	189	198	-18.63	0.85	26.35
nt-190*:	190	197	-18.63	0.85	26.35
nt-191*:	191	78	-23.45	-0.46	17.56
nt-192*:	192	106	-20.4	-0.37	14.81
nt-193*:	193	105	-20.4	-0.37	14.81
nt-194*:	194	104	-20.4	-0.37	14.81
nt-195*:	195	103	-20.58	-0.4	14.46
nt-196*:	196	208	-24.4	0.03	29.43
nt-197*:	197	102	-21.09	-0.49	12.18
nt-198*:	198	101	-21.09	-0.49	12.18
nt-199*:	199	100	-21.09	-0.49	12.18
nt-200*:	200	192	-17.64	1.38	32.93
nt-201:	201	201	-17.69	0.86	25.25
nt-202:	188	202	-23.5	0.63	35.85
nt-203*:	203	95	-21.9	-0.75	8.57
nt-204*:	204	94	-21.9	-0.75	8.57
nt-205*:	205	93	-21.9	-0.75	8.57
nt-206*:	206	198	-24.4	0.03	29.43
nt-207*:	207	95	-19.3	-0.14	22.91
nt-208*:	208	94	-19.3	-0.14	22.91
nt-209:	209	209	-17.93	0.92	26.85
nt-210*:	210	194	-24.4	0.03	29.43
nt-211*:	211	193	-24.4	0.03	29.43
nt-212*:	212	282	-15.23	1.84	35.35
nt-213*:	213	281	-15.23	1.84	35.35
nt-214*:	214	280	-15.23	1.84	35.35
nt-215:	215	215	-18.14	0.97	28.21
nt-216:	216	216	-18.19	0.98	28.36
nt-217:	217	217	-18.25	0.98	28.51
nt-218:	218	218	-18.31	0.99	28.62
nt-219:	219	219	-18.38	1.0	28.71
nt-220:	220	220	-18.45	1.01	28.76
nt-221:	221	221	-18.54	1.02	28.87
nt-222*:	222	304	-23.1	0.61	34.45
nt-223:	157	223	-13.9	0.77	25.55
nt-224:	156	224	-13.9	0.77	25.55
nt-225:	155	225	-13.9	0.77	25.55
nt-226:	154	226	-13.9	0.77	25.55
nt-227:	153	227	-13.9	0.77	25.55
nt-228*:	228	317	-24.67	0.62	36.94
nt-229*:	229	322	-29.14	0.45	24.86
nt-230*:	230	348	-30.1	1.04	31.58
nt-231:	231	320	-29.14	0.45	24.86
nt-232:	232	319	-29.14	0.45	24.86
nt-233*:	233	317	-29.14	0.45	24.86
nt-234*:	234	316	-29.14	0.45	24.86
nt-235:	235	290	-23.1	0.61	34.45
nt-236:	236	289	-23.1	0.61	34.45
nt-237*:	237	340	-30.03	0.93	31.8
nt-238*:	238	287	-23.1	0.61	34.45
nt-239*:	239	286	-23.1	0.61	34.45
nt-240*:	240	285	-23.1	0.61	34.45
nt-241*:	241	284	-23.1	0.61	34.45
nt-242*:	242	226	-10.53	1.89	30.94
nt-243*:	243	318	-30.38	0.9	13.13
nt-244*:	244	317	-30.38	0.9	13.13
nt-245*:	245	280	-23.1	0.61	34.45
nt-246*:	246	363	-32.47	0.75	15.61
nt-247*:	247	363	-32.1	0.85	16.5
nt-248*:	248	313	-30.38	0.9	13.13
nt-249*:	249	337	-30.9	1.39	28.92
nt-250*:	250	336	-30.9	1.39	28.92
nt-251*:	251	335	-30.9	1.39	28.92
nt-252*:	252	334	-30.9	1.39	28.92
nt-253*:	253	303	-31.1	1.1	34.63
nt-254:	254	302	-31.1	1.1	34.63
nt-255*:	255	330	-30.9	1.39	28.92
nt-256:	256	329	-30.9	1.39	28.92
nt-257:	257	267	-23.1	0.61	34.45
nt-258*:	258	328	-30.9	1.39	28.92
nt-259*:	259	327	-30.9	1.39	28.92
nt-260*:	260	326	-30.9	1.39	28.92
nt-261*:	261	369	-32.6	0.63	39.58
nt-262*:	262	368	-32.6	0.63	39.58
nt-263*:	263	367	-32.6	0.63	39.58
nt-264*:	264	366	-32.6	0.63	39.58
nt-265:	265	265	-17.88	1.29	28.6
nt-266:	266	266	-17.78	1.32	29.01
nt-267:	257	267	-23.1	0.61	34.45
nt-268*:	268	256	-23.1	0.61	34.45
nt-269*:	269	387	-32.3	1.8	48.34
nt-270*:	270	386	-32.3	1.8	48.34
nt-271*:	271	385	-32.3	1.8	48.34
nt-272*:	272	384	-32.3	1.8	48.34
nt-273*:	273	383	-32.3	1.8	48.34
nt-274*:	274	250	-23.1	0.61	34.45
nt-275:	275	275	-22.29	1.41	33.8
nt-276*:	276	249	-23.1	0.61	34.45
nt-277:	277	277	-26.83	0.82	30.77
nt-278*:	278	379	-32.3	1.8	48.34
nt-279*:	279	378	-32.3	1.8	48.34
nt-280*:	280	377	-32.3	1.8	48.34
nt-281*:	281	367	-31.45	1.81	46.04
nt-282*:	282	366	-31.45	1.81	46.04
nt-283*:	283	376	-32.3	1.8	48.34
nt-284*:	284	375	-32.3	1.8	48.34
nt-285*:	285	374	-32.3	1.8	48.34
nt-286*:	286	373	-32.3	1.8	48.34
nt-287*:	287	372	-32.3	1.8	48.34
nt-288*:	288	340	-31.45	1.81	46.04
nt-289:	236	289	-23.1	0.61	34.45
nt-290:	235	290	-23.1	0.61	34.45
nt-291*:	291	371	-32.3	1.8	48.34
nt-292*:	292	370	-32.3	1.8	48.34
nt-293*:	293	369	-32.3	1.8	48.34
nt-294*:	294	368	-32.3	1.8	48.34
nt-295*:	295	367	-32.3	1.8	48.34
nt-296*:	296	383	-30.15	1.73	31.3
nt-297*:	297	292	-29.97	2.15	54.94
nt-298*:	298	227	-23.1	0.61	34.45
nt-299*:	299	226	-23.1	0.61	34.45
nt-300*:	300	363	-32.3	1.8	48.34
nt-301*:	301	362	-32.3	1.8	48.34
nt-302:	254	302	-31.1	1.1	34.63
nt-303*:	303	311	-35.8	0.34	36.51
nt-304*:	304	310	-35.8	0.34	36.51
nt-305*:	305	309	-35.8	0.34	36.51
nt-306*:	306	394	-29.9	2.21	54.6
nt-307*:	307	370	-31.65	1.48	50.06
nt-308*:	308	369	-31.65	1.48	50.06
nt-309*:	309	424	-39.84	-0.58	11.54
nt-310*:	310	423	-39.0	-0.44	17.08
nt-311*:	311	422	-39.0	-0.44	17.08
nt-312*:	312	327	-27.49	0.68	36.39
nt-313*:	313	421	-37.77	-0.05	27.19
nt-314*:	314	420	-37.77	-0.05	27.19
nt-315*:	315	419	-37.77	-0.05	27.19
nt-316*:	316	418	-37.77	-0.05	27.19
nt-317*:	317	417	-37.77	-0.05	27.19
nt-318*:	318	328	-30.9	0.6	34.88
nt-319:	232	319	-29.14	0.45	24.86
nt-320:	231	320	-29.14	0.45	24.86
nt-321*:	321	413	-37.77	-0.05	27.19
nt-322*:	322	412	-37.77	-0.05	27.19
nt-323*:	323	411	-37.77	-0.05	27.19
nt-324*:	324	342	-29.63	1.06	34.03
nt-325*:	325	409	-37.77	-0.05	27.19
nt-326*:	326	408	-37.77	-0.05	27.19
nt-327*:	327	407	-37.77	-0.05	27.19
nt-328:	328	328	-38.04	-0.02	27.83
nt-329:	256	329	-30.9	1.39	28.92
nt-330*:	330	404	-37.77	-0.05	27.19
nt-331*:	331	403	-37.77	-0.05	27.19
nt-332*:	332	402	-37.77	-0.05	27.19
nt-333*:	333	401	-37.77	-0.05	27.19
nt-334*:	334	371	-36.6	0.68	28.74
nt-335*:	335	447	-40.5	-0.19	30.31
nt-336:	336	336	-41.48	-0.19	25.25
nt-337*:	337	358	-42.87	-0.43	24.25
nt-338*:	338	357	-42.87	-0.43	24.25
nt-339*:	339	356	-42.87	-0.43	24.25
nt-340*:	340	397	-37.77	-0.05	27.19
nt-341*:	341	396	-37.77	-0.05	27.19
nt-342*:	342	365	-39.65	0.15	31.7
nt-343*:	343	352	-42.93	-0.42	24.35
nt-344*:	344	351	-42.93	-0.42	24.35
nt-345*:	345	350	-42.93	-0.42	24.35
nt-346*:	346	453	-44.12	-0.56	34.79
nt-347:	347	347	-40.77	-0.22	27.07
nt-348*:	348	449	-44.12	-0.56	34.79
nt-349*:	349	446	-43.93	-0.87	28.0
nt-350*:	350	445	-43.93	-0.87	28.0
nt-351*:	351	444	-43.93	-0.87	28.0
nt-352*:	352	443	-43.93	-0.87	28.0
nt-353*:	353	442	-43.93	-0.87	28.0
nt-354:	354	354	-42.09	-0.44	28.54
nt-355:	355	355	-41.11	-0.2	30.19
nt-356*:	356	472	-49.87	-2.6	9.8
nt-357*:	357	471	-49.12	-2.45	10.46
nt-358*:	358	470	-48.06	-2.12	14.73
nt-359*:	359	469	-48.06	-2.12	14.73
nt-360*:	360	468	-48.06	-2.12	14.73
nt-361*:	361	467	-48.06	-2.12	14.73
nt-362*:	362	436	-43.11	-0.63	26.33
nt-363:	363	363	-41.11	-0.46	27.11
nt-364*:	364	434	-43.11	-0.63	26.33
nt-365*:	365	463	-47.21	-1.84	15.76
nt-366*:	366	462	-46.64	-1.65	19.2
nt-367*:	367	461	-46.39	-1.56	20.22
nt-368*:	368	430	-43.11	-0.63	26.33
nt-369*:	369	459	-46.39	-1.56	20.22
nt-370*:	370	458	-46.39	-1.56	20.22
nt-371*:	371	457	-46.39	-1.56	20.22
nt-372*:	372	456	-46.39	-1.56	20.22
nt-373*:	373	455	-46.39	-1.56	20.22
nt-374*:	374	454	-46.39	-1.56	20.22
nt-375*:	375	453	-46.39	-1.56	20.22
nt-376*:	376	452	-46.39	-1.56	20.22
nt-377*:	377	432	-42.32	-0.46	25.46
nt-378*:	378	450	-46.39	-1.56	20.22
nt-379*:	379	449	-46.39	-1.56	20.22
nt-380*:	380	448	-46.39	-1.56	20.22
nt-381*:	381	447	-46.39	-1.56	20.22
nt-382*:	382	446	-46.39	-1.56	20.22
nt-383:	383	404	-43.06	-0.7	23.94
nt-384*:	384	403	-41.69	-0.45	25.46
nt-385:	385	402	-41.77	-0.46	25.38
nt-386:	386	401	-41.77	-0.46	25.38
nt-387:	387	400	-41.77	-0.46	25.38
nt-388:	388	399	-41.77	-0.46	25.38
nt-389:	389	389	-40.33	-0.23	27.14
nt-390:	390	398	-41.77	-0.46	25.38
nt-391:	391	397	-41.77	-0.46	25.38
nt-392:	392	392	-41.0	-0.33	26.33
nt-393:	393	393	-41.03	-0.34	26.44
nt-394:	394	394	-40.97	-0.39	26.0
nt-395:	395	395	-41.21	-0.46	25.65
nt-396:	396	396	-41.42	-0.46	25.88
nt-397:	391	397	-41.77	-0.46	25.38
nt-398:	390	398	-41.77	-0.46	25.38
nt-399:	388	399	-41.77	-0.46	25.38
nt-400:	387	400	-41.77	-0.46	25.38
nt-401:	386	401	-41.77	-0.46	25.38
nt-402:	385	402	-41.77	-0.46	25.38
nt-403:	403	403	-46.24	-2.66	11.31
nt-404:	383	404	-43.06	-0.7	23.94
nt-405:	405	405	-42.39	-0.85	22.67
nt-406:	406	406	-42.52	-0.89	22.45
nt-407:	407	422	-44.67	-1.35	20.3
nt-408:	408	421	-44.66	-1.36	20.26
nt-409:	409	420	-44.64	-1.37	20.23
nt-410:	410	419	-44.64	-1.37	20.23
nt-411:	411	418	-44.64	-1.37	20.23
nt-412:	412	412	-43.61	-1.19	21.49
nt-413:	413	413	-43.72	-1.22	21.33
nt-414:	414	414	-43.24	-1.14	21.69
nt-415:	415	415	-43.39	-1.14	21.54
nt-416:	416	416	-43.48	-1.16	21.43
nt-417:	417	417	-44.39	-1.32	20.48
nt-418:	411	418	-44.64	-1.37	20.23
nt-419:	410	419	-44.64	-1.37	20.23
nt-420:	409	420	-44.64	-1.37	20.23
nt-421:	408	421	-44.66	-1.36	20.26
nt-422:	407	422	-44.67	-1.35	20.3
nt-423:	423	423	-44.56	-1.63	18.78
nt-424:	424	424	-43.42	-1.13	21.78
nt-425:	425	425	-43.18	-1.12	20.93
nt-426:	426	426	-43.97	-1.46	19.24
nt-427:	427	427	-44.88	-1.99	16.05
nt-428:	428	428	-44.48	-1.66	18.58
nt-429:	429	429	-44.71	-1.85	17.55
nt-430:	430	430	-45.18	-2.19	15.2
nt-431:	431	431	-44.57	-2.04	14.63
nt-432:	432	432	-44.76	-2.11	13.68
nt-433:	433	433	-45.17	-2.46	12.19
nt-434:	434	434	-44.85	-2.22	12.95
nt-435:	435	435	-44.8	-1.31	21.3
nt-436:	436	436	-45.06	-1.69	18.01
nt-437:	437	502	-45.2	-2.84	10.51
nt-438:	438	438	-44.7	-1.9	15.12
nt-439:	439	498	-44.81	-2.55	10.92
nt-440:	440	497	-44.83	-2.52	11.65
nt-441:	441	496	-44.76	-2.49	11.75
nt-442:	442	495	-44.76	-2.49	11.75
nt-443:	443	494	-44.76	-2.49	11.75
nt-444:	444	444	-44.69	-2.06	14.75
nt-445:	445	493	-44.39	-2.37	11.53
nt-446:	446	492	-44.3	-2.34	11.52
nt-447:	447	491	-44.3	-2.34	11.52
nt-448:	448	490	-44.31	-2.3	12.05
nt-449:	449	489	-43.91	-2.24	12.1
nt-450:	450	488	-43.76	-2.21	12.23
nt-451:	451	487	-43.76	-2.21	12.23
nt-452:	452	486	-43.76	-2.21	12.23
nt-453:	453	453	-43.48	-1.92	14.41
nt-454:	454	484	-43.76	-2.21	12.23
nt-455:	455	483	-43.76	-2.21	12.23
nt-456:	456	456	-43.76	-2.21	12.23
nt-457:	457	482	-43.76	-2.21	12.23
nt-458:	458	481	-43.76	-2.21	12.23
nt-459:	459	480	-43.76	-2.21	12.23
nt-460:	460	479	-43.76	-2.21	12.23
nt-461:	461	478	-43.76	-2.21	12.23
nt-462:	462	462	-42.56	-1.86	14.11
nt-463:	463	463	-43.79	-2.0	14.11
nt-464:	464	477	-43.76	-2.17	12.5
nt-465:	465	476	-43.76	-2.17	12.5
nt-466:	466	475	-43.76	-2.17	12.5
nt-467:	467	474	-43.76	-2.17	12.5
nt-468:	468	468	-41.78	-1.92	12.87
nt-469:	469	469	-43.06	-1.99	13.61
nt-470:	470	470	-43.77	-2.14	12.66
nt-471:	471	471	-43.77	-2.15	12.61
nt-472:	472	472	-43.91	-2.13	12.71
nt-473:	473	473	-42.46	-1.92	13.17
nt-474:	467	474	-43.76	-2.17	12.5
nt-475:	466	475	-43.76	-2.17	12.5
nt-476:	465	476	-43.76	-2.17	12.5
nt-477:	464	477	-43.76	-2.17	12.5
nt-478:	461	478	-43.76	-2.21	12.23
nt-479:	460	479	-43.76	-2.21	12.23
nt-480:	459	480	-43.76	-2.21	12.23
nt-481:	458	481	-43.76	-2.21	12.23
nt-482:	457	482	-43.76	-2.21	12.23
nt-483:	455	483	-43.76	-2.21	12.23
nt-484:	454	484	-43.76	-2.21	12.23
nt-485:	485	485	-40.88	-1.89	13.0
nt-486:	452	486	-43.76	-2.21	12.23
nt-487:	451	487	-43.76	-2.21	12.23
nt-488:	450	488	-43.76	-2.21	12.23
nt-489:	449	489	-43.91	-2.24	12.1
nt-490:	448	490	-44.31	-2.3	12.05
nt-491:	447	491	-44.3	-2.34	11.52
nt-492:	446	492	-44.3	-2.34	11.52
nt-493:	445	493	-44.39	-2.37	11.53
nt-494:	443	494	-44.76	-2.49	11.75
nt-495:	442	495	-44.76	-2.49	11.75
nt-496:	441	496	-44.76	-2.49	11.75
nt-497:	440	497	-44.83	-2.52	11.65
nt-498:	439	498	-44.81	-2.55	10.92
nt-499:	499	499	-41.11	-2.11	12.48
nt-500:	500	500	-39.78	-1.99	13.33
nt-501*:	501	438	-45.2	-2.84	10.51
nt-502:	437	502	-45.2	-2.84	10.51
nt-503:	503	503	-38.6	-1.85	14.01
nt-504:	504	504	-36.17	-1.49	15.69
nt-505:	505	534	-34.37	-1.55	14.2
nt-506:	506	533	-34.29	-1.46	14.09
nt-507:	507	532	-34.32	-1.45	14.32
nt-508:	508	531	-34.32	-1.45	14.32
nt-509:	509	529	-34.3	-1.44	14.66
nt-510:	510	528	-34.3	-1.44	14.66
nt-511:	511	527	-34.3	-1.44	14.66
nt-512:	512	526	-34.3	-1.44	14.66
nt-513:	513	525	-34.3	-1.44	14.66
nt-514:	514	514	-35.22	-1.54	15.68
nt-515:	515	515	-34.02	-1.37	16.38
nt-516:	516	516	-33.87	-1.34	16.53
nt-517:	517	517	-33.82	-1.33	16.5
nt-518:	518	518	-33.81	-1.32	16.39
nt-519:	519	519	-33.94	-1.37	16.04
nt-520:	520	520	-34.75	-1.48	15.48
nt-521:	521	521	-34.51	-1.45	15.89
nt-522:	522	522	-34.38	-1.42	15.98
nt-523:	523	523	-33.96	-1.33	17.02
nt-524:	524	524	-33.71	-1.29	17.19
nt-525:	513	525	-34.3	-1.44	14.66
nt-526:	512	526	-34.3	-1.44	14.66
nt-527:	511	527	-34.3	-1.44	14.66
nt-528:	510	528	-34.3	-1.44	14.66
nt-529:	509	529	-34.3	-1.44	14.66
nt-530:	530	530	-34.01	-1.4	15.0
nt-531:	508	531	-34.32	-1.45	14.32
nt-532:	507	532	-34.32	-1.45	14.32
nt-533:	506	533	-34.29	-1.46	14.09
nt-534:	505	534	-34.37	-1.55	14.2
nt-535:	535	535	-32.74	-1.19	17.64
nt-536:	536	536	-32.01	-1.06	19.01
nt-537:	537	537	-31.86	-1.04	19.13
nt-538:	538	538	-31.7	-1.01	19.39
nt-539:	539	539	-31.59	-1.0	19.52
nt-540:	540	540	-31.49	-0.98	19.61
nt-541:	541	541	-31.39	-0.97	19.71
nt-542:	542	542	-32.52	-1.01	20.91
nt-543:	543	543	-32.31	-0.96	21.2
nt-544:	544	544	-31.47	-1.09	19.13
nt-545:	545	545	-31.43	-0.77	22.14
nt-546:	546	546	-34.04	-1.07	16.46
nt-547:	547	547	-33.83	-1.03	16.56
nt-548:	548	548	-32.91	-1.27	14.68
nt-549:	549	549	-32.72	-1.24	14.87
nt-550:	550	550	-30.42	-0.82	20.63
nt-551:	551	589	-28.7	-1.23	16.31
nt-552:	552	588	-28.7	-1.23	16.31
nt-553*:	553	587	-28.7	-1.23	16.31
nt-554:	554	554	-30.58	-0.61	22.04
nt-555:	555	555	-30.39	-0.58	22.53
nt-556:	556	556	-29.9	-0.71	21.18
nt-557:	557	557	-29.8	-0.7	21.27
nt-558:	558	558	-30.01	-0.52	22.9
nt-559:	559	559	-29.73	-0.7	21.04
nt-560:	560	560	-29.68	-0.69	21.02
nt-561:	561	561	-29.65	-0.69	21.01
nt-562:	562	581	-28.7	-1.23	16.31
nt-563:	563	580	-28.7	-1.23	16.31
nt-564:	564	578	-28.7	-1.23	16.31
nt-565:	565	577	-28.7	-1.23	16.31
nt-566:	566	576	-28.7	-1.23	16.31
nt-567:	567	575	-28.7	-1.23	16.31
nt-568:	568	574	-28.7	-1.23	16.31
nt-569:	569	573	-28.7	-1.23	16.31
nt-570:	570	570	-29.94	-0.84	19.47
nt-571:	571	571	-29.68	-0.98	19.04
nt-572:	572	572	-28.81	-0.77	21.64
nt-573:	569	573	-28.7	-1.23	16.31
nt-574:	568	574	-28.7	-1.23	16.31
nt-575:	567	575	-28.7	-1.23	16.31
nt-576:	566	576	-28.7	-1.23	16.31
nt-577:	565	577	-28.7	-1.23	16.31
nt-578:	564	578	-28.7	-1.23	16.31
nt-579:	579	579	-29.75	-0.73	21.35
nt-580:	563	580	-28.7	-1.23	16.31
nt-581:	562	581	-28.7	-1.23	16.31
nt-582*:	582	558	-28.7	-1.23	16.31
nt-583:	583	583	-28.12	-0.65	23.24
nt-584:	584	584	-28.56	-0.67	22.82
nt-585*:	585	555	-28.7	-1.23	16.31
nt-586*:	586	554	-28.7	-1.23	16.31
nt-587:	587	587	-29.46	-0.42	25.76
nt-588:	552	588	-28.7	-1.23	16.31
nt-589:	551	589	-28.7	-1.23	16.31
nt-590*:	590	547	-29.37	-1.59	12.76
nt-591*:	591	546	-29.37	-1.59	12.76
nt-592*:	592	545	-29.37	-1.59	12.76
nt-593:	593	593	-29.17	-1.22	16.93
nt-594*:	594	543	-29.4	-1.62	11.93
nt-595*:	595	542	-29.4	-1.62	11.93
nt-596*:	596	504	-29.69	-1.72	10.75
nt-597:	597	597	-30.46	-0.39	25.62
nt-598*:	598	502	-29.69	-1.72	10.75
nt-599:	599	599	-29.75	-0.37	26.53
nt-600*:	600	500	-29.69	-1.72	10.75
nt-601*:	601	499	-29.69	-1.72	10.75
nt-602*:	602	498	-29.69	-1.72	10.75
nt-603:	603	603	-29.82	-0.37	26.38
nt-604:	604	604	-30.79	-0.64	23.46
nt-605:	605	605	-30.11	-0.54	24.75
nt-606:	606	606	-30.16	-0.54	24.87
nt-607:	607	607	-30.22	-0.53	25.01
nt-608:	608	608	-30.3	-0.53	25.12
nt-609:	609	609	-33.27	-0.95	22.84
nt-610:	610	610	-33.57	-1.19	20.57
nt-611*:	611	600	-30.27	-0.42	25.02
nt-612:	612	612	-30.7	-0.58	23.88
nt-613*:	613	598	-30.27	-0.42	25.02
nt-614*:	614	596	-30.27	-0.42	25.02
nt-615*:	615	595	-30.27	-0.42	25.02
nt-616*:	616	594	-30.27	-0.42	25.02
nt-617:	617	617	-29.61	-0.37	25.91
nt-618*:	618	593	-30.27	-0.42	25.02
nt-619*:	619	592	-30.27	-0.42	25.02
nt-620*:	620	591	-30.27	-0.42	25.02
nt-621*:	621	590	-30.27	-0.42	25.02
nt-622*:	622	589	-30.27	-0.42	25.02
nt-623:	623	623	-30.54	-0.48	23.93
nt-624:	624	624	-31.56	-0.44	25.02
nt-625:	625	635	-32.64	-0.5	24.67
nt-626:	626	634	-32.64	-0.5	24.67
nt-627:	627	633	-32.64	-0.5	24.67
nt-628:	628	628	-31.98	-0.44	25.43
nt-629:	629	629	-32.38	-0.45	25.95
nt-630:	630	630	-31.97	-0.42	26.22
nt-631:	631	631	-32.24	-0.44	26.11
nt-632:	632	632	-32.7	-0.48	25.71
nt-633:	627	633	-32.64	-0.5	24.67
nt-634:	626	634	-32.64	-0.5	24.67
nt-635:	625	635	-32.64	-0.5	24.67
nt-636:	636	636	-33.02	-0.51	22.94
nt-637:	637	637	-33.08	-0.5	22.96
nt-638:	638	647	-33.43	-0.56	23.97
nt-639:	639	646	-33.43	-0.56	23.97
nt-640:	640	645	-33.43	-0.56	23.97
nt-641:	641	641	-32.81	-0.47	24.93
nt-642:	642	642	-33.02	-0.5	24.85
nt-643:	643	643	-32.99	-0.51	25.01
nt-644:	644	644	-33.02	-0.53	24.59
nt-645:	640	645	-33.43	-0.56	23.97
nt-646:	639	646	-33.43	-0.56	23.97
nt-647:	638	647	-33.43	-0.56	23.97
nt-648:	648	648	-33.06	-0.52	24.78
nt-649:	649	649	-34.05	-0.52	26.54
nt-650:	650	650	-34.67	-0.51	26.5
nt-651:	651	651	-34.93	-0.53	26.44
nt-652*:	652	670	-35.67	-0.59	26.14
nt-653*:	653	669	-35.55	-0.56	25.03
nt-654:	654	654	-35.5	-0.63	25.22
nt-655:	655	667	-34.93	-0.53	25.94
nt-656:	656	666	-34.93	-0.53	25.94
nt-657:	657	665	-34.93	-0.53	25.94
nt-658:	658	664	-34.93	-0.53	25.94
nt-659:	659	663	-34.93	-0.53	25.94
nt-660:	660	660	-34.48	-0.65	24.47
nt-661:	661	661	-34.59	-0.65	24.59
nt-662:	662	662	-34.68	-0.67	24.61
nt-663:	659	663	-34.93	-0.53	25.94
nt-664:	658	664	-34.93	-0.53	25.94
nt-665:	657	665	-34.93	-0.53	25.94
nt-666:	656	666	-34.93	-0.53	25.94
nt-667:	655	667	-34.93	-0.53	25.94
nt-668:	668	668	-34.35	-0.59	24.39
nt-669:	669	669	-34.12	-0.79	23.96
nt-670:	670	670	-34.94	-0.89	23.32
nt-671:	671	671	-33.69	-0.59	23.82
nt-672:	672	672	-34.57	-0.93	20.44
nt-673:	673	673	-34.64	-0.94	20.71
nt-674:	674	674	-36.16	-0.96	23.85
nt-675:	675	714	-37.55	-1.28	22.24
nt-676:	676	676	-36.57	-1.03	23.38
nt-677:	677	677	-36.51	-0.98	24.26
nt-678:	678	711	-37.46	-1.18	22.74
nt-679:	679	710	-37.46	-1.18	22.74
nt-680:	680	709	-37.46	-1.18	22.74
nt-681:	681	708	-37.46	-1.18	22.74
nt-682:	682	682	-36.48	-1.03	24.4
nt-683:	683	704	-37.39	-1.18	22.86
nt-684:	684	703	-37.39	-1.18	22.86
nt-685:	685	702	-37.39	-1.18	22.86
nt-686:	686	701	-37.39	-1.18	22.86
nt-687:	687	700	-37.39	-1.18	22.86
nt-688:	688	699	-37.39	-1.18	22.86
nt-689:	689	698	-37.39	-1.18	22.86
nt-690:	690	690	-36.23	-1.05	24.81
nt-691:	691	691	-37.07	-1.2	23.79
nt-692:	692	692	-37.39	-1.18	22.86
nt-693:	693	693	-36.66	-1.06	23.24
nt-694:	694	694	-37.39	-1.18	22.86
nt-695:	695	695	-35.64	-0.98	25.2
nt-696:	696	696	-36.36	-1.09	24.32
nt-697:	697	697	-36.01	-1.09	24.34
nt-698:	689	698	-37.39	-1.18	22.86
nt-699:	688	699	-37.39	-1.18	22.86
nt-700:	687	700	-37.39	-1.18	22.86
nt-701:	686	701	-37.39	-1.18	22.86
nt-702:	685	702	-37.39	-1.18	22.86
nt-703:	684	703	-37.39	-1.18	22.86
nt-704:	683	704	-37.39	-1.18	22.86
nt-705:	705	705	-35.76	-1.16	24.46
nt-706:	706	706	-35.51	-1.15	24.07
nt-707:	707	707	-36.85	-1.16	22.92
nt-708:	681	708	-37.46	-1.18	22.74
nt-709:	680	709	-37.46	-1.18	22.74
nt-710:	679	710	-37.46	-1.18	22.74
nt-711:	678	711	-37.46	-1.18	22.74
nt-712:	712	712	-34.47	-1.07	25.1
nt-713:	713	713	-36.64	-1.19	22.46
nt-714:	675	714	-37.55	-1.28	22.24
nt-715*:	715	733	-35.39	-1.11	23.11
nt-716*:	716	732	-35.39	-1.11	23.11
nt-717*:	717	731	-35.39	-1.11	23.11
nt-718*:	718	730	-35.39	-1.11	23.11
nt-719:	719	728	-36.22	-1.17	23.76
nt-720:	720	727	-36.22	-1.17	23.76
nt-721:	721	726	-36.22	-1.17	23.76
nt-722:	722	722	-34.47	-1.18	24.25
nt-723:	723	723	-35.05	-1.12	24.0
nt-724:	724	724	-35.0	-1.22	23.7
nt-725:	725	725	-34.65	-1.22	23.46
nt-726:	721	726	-36.22	-1.17	23.76
nt-727:	720	727	-36.22	-1.17	23.76
nt-728:	719	728	-36.22	-1.17	23.76
nt-729:	729	729	-33.84	-1.18	23.61
nt-730:	730	777	-30.71	-1.45	22.85
nt-731:	731	776	-30.07	-1.37	23.31
nt-732:	732	775	-29.91	-1.36	23.33
nt-733:	733	774	-29.71	-1.35	23.32
nt-734:	734	734	-34.68	-1.11	24.32
nt-735:	735	735	-34.39	-1.13	24.12
nt-736:	736	736	-32.16	-1.24	23.66
nt-737:	737	737	-32.0	-1.24	23.61
nt-738:	738	738	-31.62	-1.3	23.85
nt-739:	739	739	-31.45	-1.3	23.81
nt-740:	740	767	-29.15	-1.34	24.39
nt-741:	741	766	-29.0	-1.33	24.39
nt-742:	742	765	-28.85	-1.32	24.37
nt-743:	743	764	-28.85	-1.32	24.37
nt-744:	744	763	-28.85	-1.32	24.37
nt-745:	745	745	-30.36	-1.32	23.64
nt-746:	746	746	-30.55	-1.27	23.33
nt-747:	747	760	-29.91	-1.37	23.51
nt-748:	748	759	-29.77	-1.36	23.5
nt-749:	749	758	-29.66	-1.34	23.51
nt-750:	750	757	-29.66	-1.34	23.51
nt-751:	751	756	-29.66	-1.34	23.51
nt-752:	752	752	-29.19	-1.3	23.61
nt-753:	753	753	-29.14	-1.27	23.6
nt-754:	754	754	-29.16	-1.24	23.51
nt-755:	755	755	-29.27	-1.27	23.46
nt-756:	751	756	-29.66	-1.34	23.51
nt-757:	750	757	-29.66	-1.34	23.51
nt-758:	749	758	-29.66	-1.34	23.51
nt-759:	748	759	-29.77	-1.36	23.5
nt-760:	747	760	-29.91	-1.37	23.51
nt-761:	761	761	-28.53	-1.27	23.72
nt-762:	762	762	-28.08	-1.25	23.78
nt-763:	744	763	-28.85	-1.32	24.37
nt-764:	743	764	-28.85	-1.32	24.37
nt-765:	742	765	-28.85	-1.32	24.37
nt-766:	741	766	-29.0	-1.33	24.39
nt-767:	740	767	-29.15	-1.34	24.39
nt-768:	768	768	-26.44	-1.11	24.25
nt-769:	769	769	-27.91	-1.23	24.01
nt-770:	770	770	-27.78	-1.23	23.87
nt-771:	771	771	-26.51	-1.22	23.58
nt-772*:	772	735	-29.71	-1.35	23.32
nt-773*:	773	734	-29.71	-1.35	23.32
nt-774:	733	774	-29.71	-1.35	23.32
nt-775:	732	775	-29.91	-1.36	23.33
nt-776:	731	776	-30.07	-1.37	23.31
nt-777:	730	777	-30.71	-1.45	22.85
nt-778:	778	778	-27.86	-1.24	22.77
nt-779:	779	779	-24.12	-1.08	22.75
nt-780:	780	780	-24.72	-1.07	22.6
nt-781:	781	781	-23.47	-1.05	22.59
nt-782:	782	782	-22.89	-1.02	22.01
nt-783:	783	783	-27.21	-1.24	23.22
nt-784:	784	813	-22.02	-1.2	19.96
nt-785*:	785	812	-22.02	-1.2	19.96
nt-786:	786	811	-22.02	-1.2	19.96
nt-787:	787	810	-22.02	-1.2	19.96
nt-788:	788	788	-21.62	-0.92	22.73
nt-789:	789	789	-22.4	-1.06	20.43
nt-790:	790	790	-22.46	-1.06	20.43
nt-791:	791	791	-23.12	-1.1	20.46
nt-792:	792	792	-24.01	-1.05	23.15
nt-793:	793	793	-23.91	-1.04	23.26
nt-794:	794	794	-21.99	-0.97	21.95
nt-795:	795	795	-21.71	-0.96	21.87
nt-796:	796	796	-21.45	-0.95	23.36
nt-797:	797	797	-21.23	-0.93	23.36
nt-798:	798	798	-21.47	-0.93	22.03
nt-799:	799	799	-21.19	-1.0	21.09
nt-800:	800	800	-22.36	-0.97	24.75
nt-801:	801	801	-20.96	-0.94	21.61
nt-802:	802	802	-21.18	-1.01	20.93
nt-803:	803	803	-20.91	-0.97	21.13
nt-804:	804	804	-20.85	-0.98	21.04
nt-805:	805	805	-20.79	-0.98	20.97
nt-806:	806	806	-21.79	-0.96	24.04
nt-807:	807	807	-21.84	-1.0	23.86
nt-808:	808	808	-21.83	-1.02	23.8
nt-809:	809	809	-21.49	-1.01	23.84
nt-810:	787	810	-22.02	-1.2	19.96
nt-811:	786	811	-22.02	-1.2	19.96
nt-812:	812	812	-25.22	-1.38	25.36
nt-813:	784	813	-22.02	-1.2	19.96
nt-814:	814	814	-20.68	-1.15	17.5
nt-815:	815	815	-20.93	-1.13	20.49
nt-816:	816	816	-20.74	-1.1	19.37
nt-817:	817	817	-20.0	-1.07	20.12
nt-818:	818	818	-20.36	-1.08	19.69
nt-819:	819	819	-23.09	-1.36	23.43
nt-820:	820	820	-24.41	-1.47	23.48
nt-821:	821	821	-23.09	-1.41	23.3
nt-822:	822	822	-20.63	-1.18	20.55
nt-823:	823	823	-20.63	-1.18	20.52
nt-824:	824	824	-20.64	-1.19	20.49
nt-825:	825	825	-20.65	-1.19	20.46
nt-826:	926	826	-24.95	-1.43	21.09
nt-827:	925	827	-25.91	-2.17	25.15
nt-828:	924	828	-25.91	-2.17	25.15
nt-829*:	829	838	-18.46	-0.97	17.53
nt-830*:	830	837	-18.46	-0.97	17.53
nt-831*:	831	836	-18.46	-0.97	17.53
nt-832:	832	832	-20.49	-1.27	19.65
nt-833:	833	833	-20.57	-1.24	19.95
nt-834:	919	834	-18.69	-0.94	18.18
nt-835:	918	835	-18.64	-0.95	17.83
nt-836:	917	836	-25.63	-2.06	24.45
nt-837:	916	837	-25.63	-2.06	24.45
nt-838:	915	838	-25.63	-2.06	24.45
nt-839:	914	839	-25.63	-2.06	24.45
nt-840:	913	840	-25.63	-2.06	24.45
nt-841:	912	841	-25.63	-2.06	24.45
nt-842:	911	842	-25.63	-2.06	24.45
nt-843:	843	843	-20.43	-1.27	20.45
nt-844:	844	844	-20.38	-1.27	20.58
nt-845:	845	845	-20.34	-1.26	20.84
nt-846:	846	846	-20.3	-1.25	20.97
nt-847:	847	847	-20.25	-1.25	21.09
nt-848:	848	848	-20.21	-1.24	21.23
nt-849:	849	849	-20.16	-1.23	21.38
nt-850:	850	850	-20.12	-1.23	21.52
nt-851:	851	851	-20.1	-1.23	21.63
nt-852:	852	852	-20.09	-1.22	21.68
nt-853:	853	853	-20.1	-1.22	21.74
nt-854:	854	854	-20.12	-1.21	21.79
nt-855:	855	855	-20.14	-1.2	21.84
nt-856:	856	856	-20.16	-1.19	21.88
nt-857:	857	872	-25.63	-2.06	24.45
nt-858:	858	871	-25.63	-2.06	24.45
nt-859:	859	870	-25.63	-2.06	24.45
nt-860:	860	869	-25.63	-2.06	24.45
nt-861:	861	861	-20.27	-1.16	22.09
nt-862:	862	862	-20.3	-1.15	22.15
nt-863:	863	863	-20.34	-1.15	22.24
nt-864:	864	864	-20.37	-1.14	22.35
nt-865:	865	865	-20.32	-1.26	20.93
nt-866:	866	866	-20.37	-1.23	21.08
nt-867:	867	867	-23.73	-1.59	25.78
nt-868:	868	868	-22.72	-1.23	26.96
nt-869:	860	869	-25.63	-2.06	24.45
nt-870:	859	870	-25.63	-2.06	24.45
nt-871:	858	871	-25.63	-2.06	24.45
nt-872:	857	872	-25.63	-2.06	24.45
nt-873:	873	873	-23.22	-1.51	24.34
nt-874:	874	874	-23.4	-1.51	24.1
nt-875:	875	875	-21.27	-1.31	19.74
nt-876:	876	876	-21.37	-1.3	19.67
nt-877:	877	877	-21.37	-1.48	19.33
nt-878:	878	878	-21.48	-1.5	19.27
nt-879:	879	879	-21.68	-1.32	19.34
nt-880:	880	880	-22.42	-1.08	24.98
nt-881:	908	881	-23.01	-1.09	25.77
nt-882:	907	882	-23.01	-1.09	25.77
nt-883:	906	883	-23.01	-1.09	25.77
nt-884:	905	884	-23.01	-1.09	25.77
nt-885:	885	885	-21.76	-1.1	22.16
nt-886:	904	886	-23.01	-1.09	25.77
nt-887:	887	887	-22.44	-1.09	24.44
nt-888:	902	888	-23.01	-1.09	25.77
nt-889:	901	889	-23.01	-1.09	25.77
nt-890:	900	890	-23.01	-1.09	25.77
nt-891:	898	891	-23.01	-1.09	25.77
nt-892:	897	892	-23.01	-1.09	25.77
nt-893:	893	893	-22.78	-1.11	24.97
nt-894:	894	894	-22.68	-1.11	24.67
nt-895:	895	895	-22.24	-1.13	23.0
nt-896:	896	896	-22.27	-1.13	23.15
nt-897:	897	892	-23.01	-1.09	25.77
nt-898:	898	891	-23.01	-1.09	25.77
nt-899:	899	899	-22.38	-1.11	23.63
nt-900:	900	890	-23.01	-1.09	25.77
nt-901:	901	889	-23.01	-1.09	25.77
nt-902:	902	888	-23.01	-1.09	25.77
nt-903:	903	903	-22.57	-1.1	24.31
nt-904:	904	886	-23.01	-1.09	25.77
nt-905:	905	884	-23.01	-1.09	25.77
nt-906:	906	883	-23.01	-1.09	25.77
nt-907:	907	882	-23.01	-1.09	25.77
nt-908:	908	881	-23.01	-1.09	25.77
nt-909:	909	909	-23.01	-1.09	25.77
nt-910:	910	910	-22.97	-1.09	25.63
nt-911:	911	842	-25.63	-2.06	24.45
nt-912:	912	841	-25.63	-2.06	24.45
nt-913:	913	840	-25.63	-2.06	24.45
nt-914:	914	839	-25.63	-2.06	24.45
nt-915:	915	838	-25.63	-2.06	24.45
nt-916:	916	837	-25.63	-2.06	24.45
nt-917:	917	836	-25.63	-2.06	24.45
nt-918:	918	835	-25.68	-2.08	24.47
nt-919:	919	834	-25.75	-2.09	24.52
nt-920:	920	920	-25.8	-2.1	24.49
nt-921:	921	921	-25.81	-2.1	24.53
nt-922:	922	922	-25.9	-2.12	24.54
nt-923:	923	923	-22.96	-1.0	26.11
nt-924:	924	828	-25.91	-2.17	25.15
nt-925:	925	827	-25.91	-2.17	25.15
nt-926:	926	826	-25.94	-2.21	25.13
nt-927:	927	927	-22.96	-1.01	26.14
nt-928:	928	928	-22.92	-0.99	26.17
nt-929:	929	929	-25.81	-2.12	25.14
nt-930:	930	930	-25.8	-2.32	25.03
nt-931:	931	931	-25.8	-2.34	25.08
nt-932:	932	932	-25.8	-2.4	25.09
nt-933:	933	933	-24.38	-1.29	23.3
nt-934:	934	934	-22.67	-0.9	26.29
nt-935:	935	935	-22.6	-0.86	26.36
nt-936:	936	936	-22.4	-0.99	28.32
nt-937:	937	937	-22.52	-0.82	26.36
nt-938:	938	938	-22.45	-0.78	26.42
nt-939:	939	939	-21.71	-0.53	26.65
nt-940*:	940	931	-25.85	-1.93	25.43
nt-941*:	941	930	-25.85	-1.93	25.43
nt-942:	942	942	-23.9	-0.93	22.76
nt-943:	943	943	-23.81	-0.9	22.64
nt-944:	944	944	-22.09	-0.64	26.46
nt-945:	945	945	-21.58	-0.71	28.87
nt-946:	946	946	-21.94	-0.59	26.49
nt-947:	947	947	-21.87	-0.58	26.51
nt-948*:	948	876	-20.74	-0.46	29.78
nt-949*:	949	875	-20.74	-0.46	29.78
nt-950*:	950	874	-20.74	-0.46	29.78
nt-951*:	951	873	-20.74	-0.46	29.78
nt-952*:	952	872	-20.74	-0.46	29.78
nt-953*:	953	871	-20.74	-0.46	29.78
nt-954*:	954	870	-20.74	-0.46	29.78
nt-955*:	955	869	-20.74	-0.46	29.78
nt-956:	956	956	-21.1	-0.3	27.12
nt-957:	957	957	-21.11	-0.29	26.92
nt-958:	958	958	-20.75	-0.57	28.99
nt-959*:	959	867	-20.8	-0.53	29.32
nt-960*:	960	866	-20.8	-0.53	29.32
nt-961*:	961	865	-20.8	-0.53	29.32
nt-962:	962	962	-21.19	-0.23	26.85
nt-963:	963	963	-21.2	-0.21	26.84
nt-964:	964	964	-21.21	-0.18	26.82
nt-965:	965	965	-21.22	-0.15	26.8
nt-966:	966	966	-21.23	-0.12	26.77
nt-967:	967	967	-21.25	-0.09	26.75
nt-968:	968	968	-20.8	-0.32	29.96
nt-969:	969	969	-20.8	-0.26	30.06
nt-970:	970	970	-20.8	-0.18	30.18
nt-971:	971	971	-20.8	-0.14	30.31
nt-972:	972	972	-21.32	0.04	26.43
nt-973:	973	973	-21.34	0.06	26.3
nt-974:	974	974	-21.36	0.07	26.16
nt-975:	975	975	-21.38	0.07	26.01
nt-976:	976	976	-21.41	0.09	25.85
nt-977*:	977	922	-21.91	0.06	21.24
nt-978*:	978	921	-21.91	0.06	21.24
nt-979*:	979	920	-21.91	0.06	21.24
nt-980*:	980	919	-21.91	0.06	21.24
nt-981*:	981	918	-21.91	0.06	21.24
nt-982*:	982	917	-21.91	0.06	21.24
nt-983:	983	983	-21.64	0.15	24.21
nt-984*:	984	916	-21.91	0.06	21.24
nt-985*:	985	915	-21.91	0.06	21.24
nt-986:	986	986	-20.7	0.6	36.56
nt-987*:	987	913	-21.91	0.06	21.24
nt-988:	988	988	-21.92	0.03	19.98
nt-989:	989	989	-21.82	0.01	19.48
nt-990:	990	990	-21.72	0.02	19.67
nt-991:	991	991	-21.59	0.03	20.01
nt-992:	992	992	-21.43	0.07	20.43
nt-993:	993	993	-21.24	0.11	20.93
nt-994:	994	994	-20.99	0.18	21.6
nt-995:	995	995	-20.65	0.26	22.49
nt-996:	996	996	-20.18	0.37	23.73
nt-997:	997	997	-19.48	0.54	25.61
nt-998:	998	998	-19.27	0.55	26.92
nt-999:	999	999	-19.25	0.54	27.47
nt-1000:	1000	1000	-19.2	0.51	27.94
