i	bp(i)	bp(j)	avgMFE	avgZ	avgED	*Indicates most favorable bp has competition; bp(j) has more favorable partner or is more likely to be unpaired
nt-1:	1	1	-16.3	0.79	35.57
nt-2:	2	2	-16.3	0.64	35.36
nt-3:	83	3	-16.17	0.61	35.47
nt-4:	82	4	-15.6	0.98	35.79
nt-5:	81	5	-16.17	0.61	35.47
nt-6:	6	6	-15.88	0.75	35.55
nt-7:	79	7	-16.17	0.61	35.47
nt-8:	78	8	-16.17	0.61	35.47
nt-9:	77	9	-16.1	0.6	27.19
nt-10:	76	10	-16.1	0.49	28.47
nt-11:	75	11	-16.17	0.61	35.47
nt-12:	74	12	-16.17	0.61	35.47
nt-13:	73	13	-16.17	0.61	35.47
nt-14:	14	14	-15.94	0.65	32.93
nt-15:	15	15	-16.17	0.61	35.47
nt-16:	16	16	-16.17	0.61	35.47
nt-17*:	17	72	-15.71	0.71	34.42
nt-18*:	18	71	-15.57	0.75	34.96
nt-19:	19	19	-12.6	1.69	42.27
nt-20:	72	20	-12.6	1.64	42.73
nt-21:	71	21	-12.37	1.69	43.76
nt-22:	70	22	-10.5	1.81	44.42
nt-23:	69	23	-12.37	1.69	43.76
nt-24:	68	24	-12.37	1.69	43.76
nt-25:	67	25	-12.37	1.69	43.76
nt-26:	26	26	-14.33	1.11	37.99
nt-27*:	27	62	-15.57	0.75	34.96
nt-28:	65	28	-12.37	1.69	43.76
nt-29:	64	29	-12.37	1.69	43.76
nt-30:	63	30	-12.37	1.69	43.76
nt-31:	62	31	-12.37	1.69	43.76
nt-32*:	32	61	-12.37	1.69	43.76
nt-33:	60	33	-12.37	1.69	43.76
nt-34:	56	34	-15.57	0.75	34.96
nt-35*:	35	150	-13.3	1.29	29.48
nt-36:	55	36	-11.1	1.94	40.31
nt-37:	54	37	-12.37	1.69	43.76
nt-38:	53	38	-12.37	1.69	43.76
nt-39*:	39	146	-12.51	1.59	32.41
nt-40:	40	40	-12.31	1.61	33.61
nt-41:	49	41	-12.2	1.61	33.11
nt-42*:	42	91	-11.4	2.03	44.59
nt-43*:	43	90	-11.4	2.03	44.59
nt-44:	89	44	-11.4	2.03	44.59
nt-45:	45	45	-13.31	1.38	36.65
nt-46:	46	46	-13.29	1.38	36.72
nt-47*:	47	43	-15.11	0.89	36.22
nt-48*:	48	42	-15.11	0.89	36.22
nt-49:	49	41	-15.11	0.89	36.22
nt-50:	50	50	-10.6	2.25	39.95
nt-51*:	51	136	-11.94	1.67	32.49
nt-52:	135	52	-11.94	1.67	32.49
nt-53:	53	38	-12.37	1.69	43.76
nt-54:	54	37	-12.37	1.69	43.76
nt-55:	55	36	-12.37	1.69	43.76
nt-56:	56	34	-15.57	0.75	34.96
nt-57:	57	57	-12.03	1.57	40.97
nt-58:	58	58	-14.97	0.9	35.99
nt-59:	59	59	-12.28	1.44	36.88
nt-60:	60	33	-12.37	1.69	43.76
nt-61:	61	61	-12.23	1.2	23.48
nt-62:	62	31	-12.37	1.69	43.76
nt-63:	63	30	-12.37	1.69	43.76
nt-64:	64	29	-12.37	1.69	43.76
nt-65:	65	28	-12.37	1.69	43.76
nt-66*:	66	123	-11.94	1.67	32.49
nt-67:	67	25	-12.37	1.69	43.76
nt-68:	68	24	-12.37	1.69	43.76
nt-69:	69	23	-12.37	1.69	43.76
nt-70:	70	22	-12.37	1.69	43.76
nt-71:	71	21	-12.37	1.69	43.76
nt-72:	72	20	-12.6	1.64	42.73
nt-73:	73	13	-16.17	0.61	35.47
nt-74:	74	12	-16.17	0.61	35.47
nt-75:	75	11	-16.17	0.61	35.47
nt-76:	76	10	-16.17	0.61	35.47
nt-77:	77	9	-16.17	0.61	35.47
nt-78:	78	8	-16.17	0.61	35.47
nt-79:	79	7	-16.17	0.61	35.47
nt-80*:	80	9	-15.6	0.83	34.36
nt-81:	81	5	-16.17	0.61	35.47
nt-82:	82	4	-16.17	0.61	35.47
nt-83:	83	3	-16.17	0.61	35.47
nt-84*:	84	168	-12.05	0.95	20.16
nt-85*:	85	50	-11.56	1.92	43.87
nt-86*:	86	114	-14.98	0.85	34.99
nt-87*:	87	48	-11.58	1.93	43.86
nt-88*:	88	112	-14.98	0.85	34.99
nt-89:	89	44	-11.4	2.03	44.59
nt-90:	90	90	-14.6	0.19	24.17
nt-91:	109	91	-11.4	2.03	44.59
nt-92*:	92	116	-14.5	0.34	27.68
nt-93:	115	93	-14.22	0.45	27.83
nt-94:	114	94	-14.22	0.45	27.83
nt-95:	113	95	-14.22	0.45	27.83
nt-96:	96	96	-12.59	1.33	31.47
nt-97*:	97	90	-11.94	1.67	32.49
nt-98*:	98	89	-11.94	1.67	32.49
nt-99:	99	99	-12.78	1.16	31.79
nt-100:	100	100	-12.8	1.15	31.83
nt-101:	120	101	-14.68	0.13	34.67
nt-102:	119	102	-14.68	0.13	34.67
nt-103:	118	103	-14.68	0.13	34.67
nt-104:	117	104	-14.68	0.13	34.67
nt-105:	116	105	-14.68	0.13	34.67
nt-106:	106	106	-14.69	0.07	28.56
nt-107:	107	107	-14.73	0.04	28.08
nt-108*:	108	78	-11.94	1.67	32.49
nt-109:	109	91	-14.98	0.85	34.99
nt-110*:	110	90	-14.98	0.85	34.99
nt-111:	111	111	-14.47	0.28	31.56
nt-112*:	112	120	-13.53	0.73	31.97
nt-113:	113	95	-14.22	0.45	27.83
nt-114:	114	94	-14.22	0.45	27.83
nt-115:	115	93	-14.22	0.45	27.83
nt-116:	116	105	-14.68	0.13	34.67
nt-117:	117	104	-14.68	0.13	34.67
nt-118:	118	103	-14.68	0.13	34.67
nt-119:	119	102	-14.68	0.13	34.67
nt-120:	120	101	-14.68	0.13	34.67
nt-121*:	121	210	-13.1	0.92	28.43
nt-122*:	122	209	-13.1	0.92	28.43
nt-123*:	123	208	-13.1	0.92	28.43
nt-124*:	124	144	-14.93	-0.13	22.4
nt-125*:	125	143	-14.93	-0.13	22.4
nt-126*:	126	142	-14.93	-0.13	22.4
nt-127*:	127	76	-14.68	0.97	37.1
nt-128*:	128	61	-11.94	1.67	32.49
nt-129:	129	129	-13.42	0.75	28.88
nt-130*:	130	138	-14.93	-0.13	22.4
nt-131*:	131	137	-14.93	-0.13	22.4
nt-132:	132	136	-14.93	-0.13	22.4
nt-133*:	133	144	-13.1	0.92	28.43
nt-134:	134	134	-13.5	0.68	29.11
nt-135:	135	52	-11.94	1.67	32.49
nt-136:	132	136	-14.93	-0.13	22.4
nt-137*:	137	236	-17.52	-0.94	15.41
nt-138*:	138	235	-17.32	-0.89	15.76
nt-139:	139	139	-16.0	-0.35	27.22
nt-140:	140	140	-16.23	-0.44	26.39
nt-141*:	141	245	-18.0	-1.13	33.23
nt-142*:	142	244	-18.0	-1.13	33.23
nt-143*:	143	243	-18.0	-1.13	33.23
nt-144*:	144	242	-18.0	-1.13	33.23
nt-145*:	145	132	-13.1	0.92	28.43
nt-146:	146	146	-16.45	-0.39	25.17
nt-147:	147	147	-17.48	-0.77	22.55
nt-148:	148	148	-16.99	-0.61	22.63
nt-149*:	149	225	-17.32	-0.89	15.76
nt-150*:	150	224	-17.32	-0.89	15.76
nt-151*:	151	202	-14.04	0.44	26.2
nt-152*:	152	201	-14.04	0.44	26.2
nt-153*:	153	200	-14.04	0.44	26.2
nt-154*:	154	221	-19.03	-1.28	19.06
nt-155:	155	220	-19.03	-1.28	19.06
nt-156:	156	219	-19.03	-1.28	19.06
nt-157:	157	157	-18.99	-1.2	20.09
nt-158:	158	158	-16.0	-0.21	23.46
nt-159:	159	159	-15.76	-0.12	24.29
nt-160:	160	215	-18.68	-1.16	20.78
nt-161:	161	214	-18.63	-1.14	20.78
nt-162:	162	213	-18.61	-1.11	21.18
nt-163:	163	212	-18.61	-1.11	21.18
nt-164:	164	211	-18.61	-1.11	21.18
nt-165:	165	210	-18.61	-1.11	21.18
nt-166:	166	209	-18.61	-1.11	21.18
nt-167:	167	167	-15.94	-0.21	23.37
nt-168:	168	208	-18.56	-1.05	21.68
nt-169:	169	207	-18.56	-1.05	21.68
nt-170:	170	206	-19.09	-1.1	22.2
nt-171:	171	205	-19.09	-1.09	22.19
nt-172:	172	204	-19.08	-1.07	22.25
nt-173:	173	203	-19.08	-1.07	22.25
nt-174:	174	202	-19.08	-1.07	22.25
nt-175:	175	201	-19.08	-1.07	22.25
nt-176:	176	200	-19.08	-1.07	22.25
nt-177:	177	177	-17.89	-0.7	23.5
nt-178:	178	198	-19.08	-1.07	22.25
nt-179:	179	179	-17.78	-0.64	22.45
nt-180:	180	180	-17.87	-0.66	22.4
nt-181:	181	195	-19.08	-1.07	22.25
nt-182:	182	194	-19.08	-1.07	22.25
nt-183:	183	193	-19.08	-1.07	22.25
nt-184:	184	184	-17.59	-0.56	22.67
nt-185:	185	185	-17.69	-0.58	22.63
nt-186:	186	186	-17.79	-0.59	22.62
nt-187:	187	187	-18.02	-0.67	22.51
nt-188:	188	188	-18.62	-0.81	22.28
nt-189:	189	189	-18.44	-0.75	22.51
nt-190:	190	190	-18.65	-0.77	22.36
nt-191:	191	191	-17.76	-0.63	23.22
nt-192:	192	192	-17.77	-0.64	23.36
nt-193:	183	193	-19.08	-1.07	22.25
nt-194:	182	194	-19.08	-1.07	22.25
nt-195:	181	195	-19.08	-1.07	22.25
nt-196:	196	196	-18.82	-0.91	23.5
nt-197:	197	197	-19.6	-0.99	21.83
nt-198:	178	198	-19.08	-1.07	22.25
nt-199:	199	199	-18.53	-0.87	23.27
nt-200:	176	200	-19.08	-1.07	22.25
nt-201:	175	201	-19.08	-1.07	22.25
nt-202:	174	202	-19.08	-1.07	22.25
nt-203:	173	203	-19.08	-1.07	22.25
nt-204:	172	204	-19.08	-1.07	22.25
nt-205:	171	205	-19.09	-1.09	22.19
nt-206:	170	206	-19.09	-1.1	22.2
nt-207:	169	207	-18.56	-1.05	21.68
nt-208:	168	208	-18.56	-1.05	21.68
nt-209:	166	209	-18.61	-1.11	21.18
nt-210:	165	210	-18.61	-1.11	21.18
nt-211:	164	211	-18.61	-1.11	21.18
nt-212:	163	212	-18.61	-1.11	21.18
nt-213:	162	213	-18.61	-1.11	21.18
nt-214:	161	214	-18.63	-1.14	20.78
nt-215:	160	215	-18.68	-1.16	20.78
nt-216:	216	216	-19.13	-1.22	21.15
nt-217:	217	217	-19.32	-1.25	20.97
nt-218:	218	218	-19.5	-1.29	20.73
nt-219:	156	219	-19.03	-1.28	19.06
nt-220:	155	220	-19.03	-1.28	19.06
nt-221:	221	221	-22.7	-1.05	22.44
nt-222:	222	222	-21.18	-1.17	20.83
nt-223*:	223	260	-22.42	-1.14	19.89
nt-224*:	224	259	-22.42	-1.14	19.89
nt-225*:	225	258	-22.42	-1.14	19.89
nt-226*:	226	257	-22.42	-1.14	19.89
nt-227*:	227	255	-22.34	-1.19	19.55
nt-228*:	228	254	-22.34	-1.19	19.55
nt-229*:	229	253	-22.34	-1.19	19.55
nt-230*:	230	252	-22.34	-1.19	19.55
nt-231*:	231	249	-22.34	-1.19	19.55
nt-232*:	232	248	-22.34	-1.19	19.55
nt-233*:	233	247	-22.34	-1.19	19.55
nt-234*:	234	246	-22.34	-1.19	19.55
nt-235*:	235	245	-22.34	-1.19	19.55
nt-236*:	236	244	-22.34	-1.19	19.55
nt-237:	237	237	-22.15	-1.22	18.92
nt-238:	238	238	-22.31	-1.26	18.9
nt-239:	239	239	-22.48	-1.28	18.95
nt-240:	240	240	-22.64	-1.31	19.0
nt-241:	241	241	-23.42	-1.51	19.84
nt-242:	242	242	-23.98	-1.56	18.74
nt-243:	243	243	-22.15	-1.18	19.41
nt-244:	244	269	-28.15	-2.4	17.26
nt-245:	245	268	-28.02	-2.36	17.32
nt-246:	246	267	-28.02	-2.36	17.32
nt-247:	247	266	-28.02	-2.36	17.32
nt-248:	248	265	-28.02	-2.36	17.32
nt-249:	249	264	-28.02	-2.36	17.32
nt-250:	250	250	-22.15	-1.18	20.63
nt-251:	251	251	-24.08	-1.55	19.39
nt-252:	252	252	-26.85	-2.11	18.61
nt-253:	253	260	-28.02	-2.36	17.32
nt-254:	254	259	-28.02	-2.36	17.32
nt-255:	255	255	-27.38	-2.12	16.96
nt-256:	256	256	-24.51	-1.55	18.6
nt-257:	257	257	-27.05	-2.1	16.29
nt-258:	258	258	-27.13	-2.08	16.3
nt-259:	254	259	-28.02	-2.36	17.32
nt-260:	253	260	-28.02	-2.36	17.32
nt-261:	261	261	-24.6	-1.54	18.4
nt-262:	262	262	-24.62	-1.53	18.44
nt-263*:	263	250	-28.02	-2.36	17.32
nt-264:	249	264	-28.02	-2.36	17.32
nt-265:	248	265	-28.02	-2.36	17.32
nt-266:	247	266	-28.02	-2.36	17.32
nt-267:	246	267	-28.02	-2.36	17.32
nt-268:	245	268	-28.02	-2.36	17.32
nt-269:	244	269	-28.15	-2.4	17.26
nt-270*:	270	243	-28.18	-2.41	17.32
nt-271:	271	271	-24.75	-1.44	19.2
nt-272:	272	272	-24.74	-1.43	19.21
nt-273:	273	273	-23.48	-1.22	21.4
nt-274:	274	341	-26.88	-1.61	14.18
nt-275:	275	340	-26.88	-1.61	14.18
nt-276:	276	276	-24.0	-1.16	18.79
nt-277:	277	277	-24.13	-1.21	19.29
nt-278:	278	278	-22.64	-0.99	22.1
nt-279:	279	279	-26.82	-2.15	20.05
nt-280:	280	335	-26.88	-1.61	14.18
nt-281:	281	281	-26.46	-1.62	15.9
nt-282:	282	282	-26.41	-1.64	16.34
nt-283:	283	283	-26.4	-1.63	16.41
nt-284:	284	284	-26.8	-1.77	15.95
nt-285:	285	330	-26.88	-1.61	14.18
nt-286:	286	329	-26.88	-1.61	14.18
nt-287:	287	287	-26.42	-1.58	14.72
nt-288:	288	328	-25.75	-1.49	17.63
nt-289:	289	327	-26.32	-1.71	17.51
nt-290:	290	326	-26.32	-1.71	17.51
nt-291:	291	324	-26.09	-1.67	17.5
nt-292:	292	323	-26.09	-1.67	17.5
nt-293:	293	293	-25.27	-1.47	18.66
nt-294:	294	321	-25.85	-1.61	17.85
nt-295:	295	320	-25.85	-1.61	17.85
nt-296:	296	319	-25.56	-1.55	17.88
nt-297:	297	318	-25.56	-1.55	17.88
nt-298:	298	317	-25.56	-1.55	17.88
nt-299:	299	316	-25.56	-1.55	17.88
nt-300:	300	300	-25.31	-1.49	18.22
nt-301:	301	315	-25.14	-1.46	18.31
nt-302:	302	314	-25.14	-1.46	18.31
nt-303:	303	313	-25.14	-1.46	18.31
nt-304:	304	312	-25.14	-1.46	18.31
nt-305:	305	305	-24.65	-1.35	18.77
nt-306:	306	306	-24.61	-1.34	18.8
nt-307:	307	307	-24.56	-1.34	18.92
nt-308:	308	308	-24.53	-1.33	19.06
nt-309:	309	309	-24.49	-1.33	19.18
nt-310:	310	310	-24.46	-1.32	19.29
nt-311:	311	311	-24.42	-1.31	19.4
nt-312:	304	312	-25.14	-1.46	18.31
nt-313:	303	313	-25.14	-1.46	18.31
nt-314:	302	314	-25.14	-1.46	18.31
nt-315:	301	315	-25.14	-1.46	18.31
nt-316:	299	316	-25.56	-1.55	17.88
nt-317:	298	317	-25.56	-1.55	17.88
nt-318:	297	318	-25.56	-1.55	17.88
nt-319:	296	319	-25.56	-1.55	17.88
nt-320:	295	320	-25.85	-1.61	17.85
nt-321:	294	321	-25.85	-1.61	17.85
nt-322:	322	322	-26.05	-1.66	17.51
nt-323:	292	323	-26.09	-1.67	17.5
nt-324:	291	324	-26.09	-1.67	17.5
nt-325:	325	325	-26.01	-1.65	17.62
nt-326:	290	326	-26.32	-1.71	17.51
nt-327:	289	327	-26.32	-1.71	17.51
nt-328:	288	328	-25.75	-1.49	17.63
nt-329:	286	329	-26.88	-1.61	14.18
nt-330:	285	330	-26.88	-1.61	14.18
nt-331:	331	331	-24.16	-1.29	20.57
nt-332:	332	332	-24.13	-1.28	20.83
nt-333:	333	333	-24.5	-1.38	20.63
nt-334:	334	334	-23.76	-1.16	21.11
nt-335:	280	335	-26.88	-1.61	14.18
nt-336*:	336	279	-26.88	-1.61	14.18
nt-337*:	337	278	-26.88	-1.61	14.18
nt-338:	338	338	-26.13	-1.65	16.96
nt-339:	339	339	-25.56	-1.54	18.13
nt-340:	275	340	-26.88	-1.61	14.18
nt-341:	274	341	-26.88	-1.61	14.18
nt-342*:	342	282	-28.36	-2.48	17.09
nt-343:	343	343	-22.82	-0.95	22.13
nt-344:	344	344	-22.91	-0.99	22.9
nt-345:	345	345	-24.01	-1.28	21.5
nt-346*:	346	278	-28.36	-2.48	17.09
nt-347*:	347	277	-28.36	-2.48	17.09
nt-348:	348	348	-24.95	-1.65	20.64
nt-349:	349	349	-25.17	-1.7	20.61
nt-350:	350	369	-22.78	-1.03	21.41
nt-351:	351	368	-22.85	-1.04	21.37
nt-352:	352	367	-22.85	-1.04	21.37
nt-353:	353	366	-22.85	-1.04	21.37
nt-354:	354	354	-23.62	-1.28	22.61
nt-355:	355	355	-23.59	-1.28	22.75
nt-356:	356	356	-23.56	-1.27	22.9
nt-357:	357	357	-23.52	-1.27	23.06
nt-358:	358	358	-23.5	-1.26	23.17
nt-359:	359	359	-23.47	-1.25	22.33
nt-360:	360	360	-23.37	-1.18	21.31
nt-361:	361	361	-23.35	-1.17	21.45
nt-362:	362	362	-23.32	-1.15	21.6
nt-363:	363	363	-23.3	-1.15	21.78
nt-364:	364	364	-23.32	-1.16	21.99
nt-365:	365	365	-23.48	-1.25	24.0
nt-366:	353	366	-22.85	-1.04	21.37
nt-367:	352	367	-22.85	-1.04	21.37
nt-368:	351	368	-22.85	-1.04	21.37
nt-369:	350	369	-22.78	-1.03	21.41
nt-370:	370	370	-23.05	-1.16	22.94
nt-371:	371	371	-23.04	-1.16	23.16
nt-372:	372	372	-23.26	-1.23	24.71
nt-373:	373	373	-23.98	-1.38	23.73
nt-374:	374	374	-23.93	-1.38	25.18
nt-375:	375	375	-22.85	-1.09	24.67
nt-376:	376	376	-22.87	-1.11	24.81
nt-377:	377	377	-23.13	-1.2	24.94
nt-378:	378	378	-23.12	-1.22	25.19
nt-379:	379	379	-25.67	-1.85	26.58
nt-380:	380	380	-26.1	-1.97	25.59
nt-381:	381	381	-25.86	-1.93	26.28
nt-382:	382	382	-26.35	-2.07	25.16
nt-383:	383	383	-24.32	-1.58	25.18
nt-384:	384	384	-24.34	-1.58	25.2
nt-385:	385	385	-24.29	-1.56	25.71
nt-386:	386	386	-24.42	-1.6	26.08
nt-387:	387	387	-24.49	-1.63	25.96
nt-388:	388	388	-26.51	-2.15	26.27
nt-389:	389	389	-27.14	-2.32	24.87
nt-390:	390	390	-27.53	-2.41	24.72
nt-391:	391	391	-27.67	-2.43	24.63
nt-392:	392	392	-27.81	-2.45	24.55
nt-393:	393	393	-26.66	-2.15	24.87
nt-394:	394	394	-24.34	-1.58	24.29
nt-395:	395	395	-24.36	-1.58	25.17
nt-396:	396	396	-24.38	-1.58	25.18
nt-397:	397	397	-24.47	-1.6	25.17
nt-398:	398	398	-25.01	-1.72	25.67
nt-399:	399	399	-25.55	-1.85	25.64
nt-400:	400	471	-30.87	-3.03	22.83
nt-401:	401	470	-30.87	-3.03	22.83
nt-402:	402	469	-30.87	-3.03	22.83
nt-403:	403	468	-30.87	-3.03	22.83
nt-404:	404	404	-30.96	-3.02	22.13
nt-405:	405	405	-30.32	-2.97	23.3
nt-406:	406	465	-30.87	-3.03	22.83
nt-407:	407	464	-30.87	-3.03	22.83
nt-408:	408	463	-30.87	-3.03	22.83
nt-409*:	409	462	-30.87	-3.03	22.83
nt-410:	410	461	-30.87	-3.03	22.83
nt-411:	411	457	-29.15	-2.75	23.99
nt-412:	412	456	-29.15	-2.75	23.99
nt-413:	413	455	-29.15	-2.75	23.99
nt-414:	414	454	-29.15	-2.75	23.99
nt-415:	415	453	-29.15	-2.75	23.99
nt-416:	416	452	-29.15	-2.75	23.99
nt-417:	417	449	-29.78	-2.79	22.26
nt-418:	418	448	-29.71	-2.77	22.34
nt-419:	419	447	-29.7	-2.76	22.23
nt-420:	420	446	-29.68	-2.76	22.16
nt-421:	421	445	-29.65	-2.74	22.12
nt-422:	422	444	-29.6	-2.73	22.11
nt-423:	423	443	-29.54	-2.72	22.17
nt-424:	424	442	-29.54	-2.72	22.17
nt-425:	425	441	-29.54	-2.72	22.17
nt-426:	426	440	-29.54	-2.72	22.17
nt-427:	427	439	-29.54	-2.72	22.17
nt-428:	428	438	-29.54	-2.72	22.17
nt-429:	429	436	-29.54	-2.72	22.17
nt-430:	430	435	-29.54	-2.72	22.17
nt-431:	431	431	-29.4	-2.68	22.18
nt-432:	432	432	-28.75	-2.53	22.5
nt-433:	433	433	-28.53	-2.47	22.74
nt-434:	434	434	-28.53	-2.47	22.77
nt-435:	430	435	-29.54	-2.72	22.17
nt-436:	429	436	-29.54	-2.72	22.17
nt-437:	437	437	-27.84	-2.29	23.34
nt-438:	428	438	-29.54	-2.72	22.17
nt-439:	427	439	-29.54	-2.72	22.17
nt-440:	426	440	-29.54	-2.72	22.17
nt-441:	425	441	-29.54	-2.72	22.17
nt-442:	424	442	-29.54	-2.72	22.17
nt-443:	423	443	-29.54	-2.72	22.17
nt-444:	422	444	-29.6	-2.73	22.11
nt-445:	421	445	-29.65	-2.74	22.12
nt-446:	420	446	-29.68	-2.76	22.16
nt-447:	419	447	-29.7	-2.76	22.23
nt-448:	418	448	-29.71	-2.77	22.34
nt-449:	417	449	-29.78	-2.79	22.26
nt-450:	450	450	-28.78	-2.57	22.39
nt-451:	451	451	-28.78	-2.56	22.25
nt-452:	416	452	-29.15	-2.75	23.99
nt-453:	415	453	-29.15	-2.75	23.99
nt-454:	414	454	-29.15	-2.75	23.99
nt-455:	413	455	-29.15	-2.75	23.99
nt-456:	412	456	-29.15	-2.75	23.99
nt-457:	411	457	-29.15	-2.75	23.99
nt-458:	458	458	-30.07	-2.82	22.78
nt-459:	459	459	-30.02	-2.79	22.76
nt-460:	460	460	-29.89	-2.75	22.72
nt-461:	410	461	-30.87	-3.03	22.83
nt-462:	462	462	-27.03	-1.97	20.2
nt-463:	408	463	-30.87	-3.03	22.83
nt-464:	407	464	-30.87	-3.03	22.83
nt-465:	406	465	-30.87	-3.03	22.83
nt-466:	466	466	-29.73	-2.7	22.11
nt-467:	467	467	-29.4	-2.58	21.91
nt-468:	403	468	-30.87	-3.03	22.83
nt-469:	402	469	-30.87	-3.03	22.83
nt-470:	401	470	-30.87	-3.03	22.83
nt-471:	400	471	-30.87	-3.03	22.83
nt-472:	472	497	-29.17	-2.32	17.47
nt-473:	473	496	-28.6	-2.19	17.48
nt-474:	474	495	-28.52	-2.18	17.62
nt-475:	475	494	-28.46	-2.16	17.81
nt-476:	476	493	-28.46	-2.16	17.81
nt-477:	477	492	-28.46	-2.16	17.81
nt-478:	478	491	-28.46	-2.16	17.81
nt-479:	479	479	-28.23	-2.14	19.38
nt-480:	480	480	-28.33	-2.14	18.53
nt-481:	481	481	-28.35	-2.14	18.38
nt-482:	482	482	-27.77	-2.0	19.03
nt-483:	483	483	-27.86	-2.02	18.8
nt-484:	484	484	-28.33	-2.13	18.02
nt-485:	485	485	-28.07	-2.09	19.08
nt-486:	486	486	-28.02	-2.07	19.04
nt-487:	487	487	-27.79	-2.0	19.02
nt-488:	488	488	-27.75	-1.98	18.85
nt-489:	489	489	-27.73	-1.97	18.67
nt-490:	490	490	-27.71	-1.95	18.49
nt-491:	478	491	-28.46	-2.16	17.81
nt-492:	477	492	-28.46	-2.16	17.81
nt-493:	476	493	-28.46	-2.16	17.81
nt-494:	475	494	-28.46	-2.16	17.81
nt-495:	474	495	-28.52	-2.18	17.62
nt-496:	473	496	-28.6	-2.19	17.48
nt-497:	472	497	-29.17	-2.32	17.47
nt-498:	498	498	-28.19	-2.07	18.59
nt-499:	499	499	-28.31	-2.08	18.48
nt-500:	500	500	-27.42	-1.78	18.23
nt-501:	501	501	-27.32	-1.75	18.22
nt-502:	502	502	-27.22	-1.72	18.22
nt-503:	503	503	-27.12	-1.68	18.21
nt-504:	504	504	-27.02	-1.65	18.23
nt-505:	505	505	-26.92	-1.61	18.29
nt-506:	506	506	-26.34	-1.5	18.62
nt-507:	507	507	-26.33	-1.47	18.54
nt-508:	508	519	-26.0	-1.43	18.26
nt-509:	509	518	-26.08	-1.45	18.32
nt-510:	510	517	-26.08	-1.45	18.32
nt-511:	511	516	-26.08	-1.45	18.32
nt-512:	512	512	-25.82	-1.33	18.79
nt-513:	513	513	-25.7	-1.29	18.8
nt-514:	514	514	-25.57	-1.26	18.86
nt-515:	515	515	-25.34	-1.2	19.07
nt-516:	511	516	-26.08	-1.45	18.32
nt-517:	510	517	-26.08	-1.45	18.32
nt-518:	509	518	-26.08	-1.45	18.32
nt-519:	508	519	-26.0	-1.43	18.26
nt-520:	520	520	-24.95	-1.08	19.12
nt-521:	521	521	-24.87	-1.02	18.63
nt-522:	522	522	-24.65	-0.94	18.86
nt-523:	523	523	-24.83	-1.04	18.49
nt-524:	524	524	-25.62	-1.3	17.55
nt-525:	525	525	-25.39	-1.2	17.83
nt-526:	526	526	-24.04	-0.77	19.51
nt-527:	527	551	-23.28	-0.57	20.15
nt-528:	528	528	-24.86	-1.1	20.33
nt-529:	529	529	-24.39	-0.93	20.74
nt-530:	530	530	-23.7	-0.68	19.83
nt-531:	531	547	-23.28	-0.57	20.15
nt-532:	532	546	-23.28	-0.57	20.15
nt-533:	533	533	-23.81	-0.77	20.17
nt-534:	534	544	-23.28	-0.57	20.15
nt-535:	535	543	-23.28	-0.57	20.15
nt-536:	536	542	-23.28	-0.57	20.15
nt-537:	537	537	-22.82	-0.46	21.38
nt-538:	538	538	-22.71	-0.43	21.48
nt-539:	539	539	-22.59	-0.39	21.6
nt-540:	540	540	-22.52	-0.37	21.67
nt-541:	541	541	-22.48	-0.35	21.62
nt-542:	536	542	-23.28	-0.57	20.15
nt-543:	535	543	-23.28	-0.57	20.15
nt-544:	534	544	-23.28	-0.57	20.15
nt-545:	545	545	-22.39	-0.29	21.65
nt-546:	532	546	-23.28	-0.57	20.15
nt-547:	531	547	-23.28	-0.57	20.15
nt-548:	548	548	-22.47	-0.26	21.6
nt-549*:	549	529	-23.28	-0.57	20.15
nt-550*:	550	528	-23.28	-0.57	20.15
nt-551:	527	551	-23.28	-0.57	20.15
nt-552*:	552	505	-23.93	-1.09	19.94
nt-553*:	553	504	-23.93	-1.09	19.94
nt-554*:	554	503	-23.93	-1.09	19.94
nt-555*:	555	502	-23.93	-1.09	19.94
nt-556*:	556	501	-23.93	-1.09	19.94
nt-557*:	557	500	-23.93	-1.09	19.94
nt-558:	558	558	-23.45	-0.87	19.39
nt-559*:	559	499	-23.89	-1.15	18.0
nt-560*:	560	498	-23.89	-1.15	18.0
nt-561*:	561	497	-23.89	-1.15	18.0
nt-562:	562	568	-22.31	-0.11	22.49
nt-563:	563	563	-22.41	-0.18	22.15
nt-564:	564	564	-22.37	-0.17	22.19
nt-565:	565	565	-22.32	-0.15	22.21
nt-566:	566	566	-22.28	-0.14	22.24
nt-567:	567	567	-22.17	-0.1	22.15
nt-568:	562	568	-22.31	-0.11	22.49
nt-569*:	569	561	-22.31	-0.11	22.49
nt-570*:	570	560	-22.31	-0.11	22.49
nt-571*:	571	559	-22.31	-0.11	22.49
nt-572*:	572	558	-22.2	-0.05	22.6
nt-573:	573	573	-21.88	-0.03	22.12
nt-574*:	574	557	-22.27	-0.08	22.31
nt-575*:	575	556	-22.27	-0.08	22.31
nt-576*:	576	555	-22.27	-0.08	22.31
nt-577*:	577	554	-22.27	-0.08	22.31
nt-578*:	578	553	-22.29	-0.08	22.17
nt-579*:	579	552	-22.29	-0.08	22.17
nt-580*:	580	499	-23.31	-0.46	17.54
nt-581*:	581	498	-23.31	-0.46	17.54
nt-582*:	582	497	-23.31	-0.46	17.54
nt-583*:	583	496	-23.31	-0.46	17.54
nt-584*:	584	513	-25.9	-1.2	18.87
nt-585*:	585	512	-25.9	-1.2	18.87
nt-586*:	586	511	-25.9	-1.2	18.87
nt-587*:	587	510	-25.9	-1.2	18.87
nt-588*:	588	477	-23.7	-0.54	27.77
nt-589*:	589	664	-24.07	-0.17	28.41
nt-590:	590	590	-21.96	-0.12	25.8
nt-591*:	591	662	-23.76	-0.12	28.14
nt-592*:	592	661	-23.76	-0.12	28.14
nt-593*:	593	660	-23.76	-0.12	28.14
nt-594*:	594	659	-23.76	-0.12	28.14
nt-595*:	595	658	-23.76	-0.12	28.14
nt-596*:	596	657	-23.76	-0.12	28.14
nt-597*:	597	656	-23.76	-0.12	28.14
nt-598*:	598	520	-22.3	-0.39	24.71
nt-599:	599	599	-20.5	0.11	29.91
nt-600*:	600	524	-23.7	-0.24	21.16
nt-601*:	601	523	-23.7	-0.24	21.16
nt-602*:	602	513	-18.1	0.9	20.1
nt-603*:	603	512	-18.1	0.9	20.1
nt-604*:	604	511	-18.1	0.9	20.1
nt-605*:	605	692	-18.77	0.38	33.01
nt-606*:	606	691	-18.77	0.38	33.01
nt-607*:	607	715	-18.5	0.42	40.87
nt-608*:	608	511	-22.06	0.02	22.14
nt-609*:	609	510	-22.06	0.02	22.14
nt-610*:	610	509	-22.06	0.02	22.14
nt-611*:	611	508	-22.38	-0.08	22.11
nt-612:	612	612	-20.45	0.27	25.89
nt-613*:	613	633	-20.2	0.46	23.8
nt-614*:	614	632	-20.2	0.46	23.8
nt-615*:	615	523	-19.82	0.87	27.23
nt-616:	616	616	-20.49	0.23	26.19
nt-617*:	617	706	-18.5	0.42	40.87
nt-618*:	618	705	-18.5	0.42	40.87
nt-619*:	619	704	-18.5	0.42	40.87
nt-620*:	620	726	-24.2	-1.26	28.69
nt-621*:	621	725	-24.2	-1.26	28.69
nt-622*:	622	701	-18.5	0.42	40.87
nt-623*:	623	723	-24.2	-1.26	28.69
nt-624*:	624	722	-24.2	-1.26	28.69
nt-625*:	625	721	-24.2	-1.26	28.69
nt-626*:	626	676	-20.9	-0.21	26.82
nt-627*:	627	675	-20.96	-0.2	26.72
nt-628:	628	674	-20.98	-0.21	26.83
nt-629:	629	673	-20.98	-0.21	26.83
nt-630:	630	672	-20.98	-0.21	26.83
nt-631*:	631	671	-20.98	-0.21	26.83
nt-632*:	632	670	-20.98	-0.21	26.83
nt-633:	633	669	-20.98	-0.21	26.83
nt-634:	634	634	-21.01	-0.2	26.65
nt-635:	635	667	-20.98	-0.21	26.83
nt-636:	636	636	-21.09	-0.02	26.57
nt-637:	637	665	-21.15	-0.25	26.8
nt-638:	638	664	-21.15	-0.25	26.8
nt-639:	639	663	-21.15	-0.25	26.8
nt-640:	640	662	-21.15	-0.25	26.8
nt-641:	641	661	-21.15	-0.25	26.8
nt-642:	642	660	-21.15	-0.25	26.8
nt-643:	643	643	-21.24	-0.21	25.83
nt-644:	644	659	-21.12	-0.23	26.72
nt-645:	645	658	-21.13	-0.22	26.69
nt-646:	646	657	-21.13	-0.22	26.69
nt-647:	647	656	-21.13	-0.22	26.69
nt-648:	648	648	-21.46	-0.18	26.84
nt-649:	649	649	-21.49	-0.19	26.89
nt-650:	650	650	-21.49	-0.18	26.89
nt-651:	651	651	-21.47	-0.18	25.67
nt-652:	652	652	-21.43	-0.15	26.79
nt-653:	653	653	-21.47	-0.16	26.88
nt-654:	654	654	-21.52	-0.16	26.97
nt-655:	655	655	-21.5	-0.21	25.52
nt-656:	647	656	-21.13	-0.22	26.69
nt-657:	646	657	-21.13	-0.22	26.69
nt-658:	645	658	-21.13	-0.22	26.69
nt-659:	644	659	-21.12	-0.23	26.72
nt-660:	642	660	-21.15	-0.25	26.8
nt-661:	641	661	-21.15	-0.25	26.8
nt-662:	640	662	-21.15	-0.25	26.8
nt-663:	639	663	-21.15	-0.25	26.8
nt-664:	638	664	-21.15	-0.25	26.8
nt-665:	637	665	-21.15	-0.25	26.8
nt-666:	666	666	-21.65	-0.24	27.61
nt-667:	635	667	-20.98	-0.21	26.83
nt-668:	668	668	-21.73	-0.25	27.77
nt-669:	633	669	-20.98	-0.21	26.83
nt-670:	670	670	-23.29	-0.48	24.35
nt-671:	671	671	-23.18	-0.46	24.2
nt-672:	630	672	-20.98	-0.21	26.83
nt-673:	629	673	-20.98	-0.21	26.83
nt-674:	628	674	-20.98	-0.21	26.83
nt-675:	675	675	-23.49	-0.59	21.97
nt-676:	676	676	-23.56	-0.66	22.35
nt-677:	677	677	-22.01	-0.37	25.5
nt-678:	678	678	-22.22	-0.39	25.35
nt-679:	679	679	-22.26	-0.4	25.32
nt-680*:	680	719	-24.21	-1.16	26.27
nt-681*:	681	718	-24.1	-1.12	26.5
nt-682*:	682	717	-23.96	-1.07	26.9
nt-683*:	683	716	-23.96	-1.07	26.9
nt-684*:	684	715	-23.96	-1.07	26.9
nt-685*:	685	714	-23.96	-1.07	26.9
nt-686*:	686	713	-23.96	-1.07	26.9
nt-687:	687	687	-22.43	-0.47	25.73
nt-688:	688	688	-22.46	-0.47	25.91
nt-689:	689	689	-22.08	-0.45	27.8
nt-690:	690	690	-22.5	-0.54	28.16
nt-691:	691	708	-23.96	-1.07	26.9
nt-692:	692	707	-23.96	-1.07	26.9
nt-693:	693	706	-23.96	-1.07	26.9
nt-694:	694	694	-22.74	-0.64	27.0
nt-695:	695	695	-23.3	-0.66	25.94
nt-696:	696	703	-23.96	-1.07	26.9
nt-697:	697	702	-23.96	-1.07	26.9
nt-698:	698	698	-23.46	-0.69	25.07
nt-699:	699	699	-23.39	-0.64	25.36
nt-700:	700	700	-24.34	-0.81	23.58
nt-701:	701	701	-23.4	-0.8	23.97
nt-702:	697	702	-23.96	-1.07	26.9
nt-703:	696	703	-23.96	-1.07	26.9
nt-704:	704	704	-24.2	-0.86	29.08
nt-705:	705	705	-23.88	-0.75	26.41
nt-706:	693	706	-23.96	-1.07	26.9
nt-707:	692	707	-23.96	-1.07	26.9
nt-708:	691	708	-23.96	-1.07	26.9
nt-709:	709	709	-24.42	-0.8	23.74
nt-710:	710	710	-24.54	-0.82	23.78
nt-711:	711	711	-24.9	-0.89	22.74
nt-712:	712	712	-25.12	-0.94	22.24
nt-713:	713	778	-26.54	-0.93	17.93
nt-714:	714	777	-26.57	-0.94	17.67
nt-715:	715	776	-26.53	-0.94	18.24
nt-716:	716	775	-26.53	-0.94	18.24
nt-717:	717	774	-26.53	-0.94	18.24
nt-718:	718	718	-26.17	-0.87	19.8
nt-719:	719	772	-26.53	-0.94	18.24
nt-720:	720	720	-24.43	-1.07	27.43
nt-721:	721	721	-26.22	-0.99	20.16
nt-722:	722	769	-26.53	-0.94	18.24
nt-723:	723	723	-24.28	-0.74	27.54
nt-724:	724	724	-24.28	-0.82	27.86
nt-725:	725	766	-26.53	-0.94	18.24
nt-726:	726	765	-26.53	-0.94	18.24
nt-727:	727	764	-26.53	-0.94	18.24
nt-728:	728	763	-26.53	-0.94	18.24
nt-729:	729	762	-26.53	-0.94	18.24
nt-730:	730	730	-24.14	-0.73	27.99
nt-731:	731	731	-25.04	-0.79	24.25
nt-732:	732	732	-25.02	-0.78	24.26
nt-733:	733	733	-24.05	-0.66	28.03
nt-734:	734	734	-24.35	-0.76	28.12
nt-735:	735	752	-25.63	-0.74	20.36
nt-736:	736	751	-25.36	-0.66	21.3
nt-737:	737	750	-25.36	-0.66	21.3
nt-738:	738	749	-25.36	-0.66	21.3
nt-739:	739	748	-25.36	-0.66	21.3
nt-740:	740	740	-24.81	-0.62	24.88
nt-741:	741	741	-25.05	-0.56	23.62
nt-742:	742	742	-24.99	-0.53	23.64
nt-743:	743	743	-25.41	-0.72	20.9
nt-744:	744	744	-24.98	-0.66	22.85
nt-745:	745	745	-25.35	-0.69	21.2
nt-746:	746	746	-25.24	-0.65	21.77
nt-747:	747	747	-24.82	-0.59	23.69
nt-748:	739	748	-25.36	-0.66	21.3
nt-749:	738	749	-25.36	-0.66	21.3
nt-750:	737	750	-25.36	-0.66	21.3
nt-751:	736	751	-25.36	-0.66	21.3
nt-752:	735	752	-25.63	-0.74	20.36
nt-753*:	753	734	-25.63	-0.74	20.36
nt-754:	754	754	-24.74	-0.46	25.64
nt-755*:	755	733	-26.53	-0.94	18.24
nt-756:	756	756	-24.89	-0.57	25.42
nt-757:	757	757	-24.94	-0.58	25.18
nt-758:	758	758	-25.2	-0.63	24.99
nt-759:	759	759	-25.14	-0.6	25.24
nt-760:	760	760	-25.15	-0.61	25.46
nt-761*:	761	730	-26.53	-0.94	18.24
nt-762:	729	762	-26.53	-0.94	18.24
nt-763:	728	763	-26.53	-0.94	18.24
nt-764:	727	764	-26.53	-0.94	18.24
nt-765:	726	765	-26.53	-0.94	18.24
nt-766:	725	766	-26.53	-0.94	18.24
nt-767*:	767	724	-26.53	-0.94	18.24
nt-768*:	768	723	-26.53	-0.94	18.24
nt-769:	722	769	-26.53	-0.94	18.24
nt-770:	770	770	-25.52	-0.8	22.86
nt-771*:	771	720	-26.53	-0.94	18.24
nt-772:	719	772	-26.53	-0.94	18.24
nt-773:	773	773	-25.06	-0.85	23.47
nt-774:	717	774	-26.53	-0.94	18.24
nt-775:	716	775	-26.53	-0.94	18.24
nt-776:	715	776	-26.53	-0.94	18.24
nt-777:	714	777	-26.57	-0.94	17.67
nt-778:	713	778	-26.54	-0.93	17.93
nt-779:	779	779	-24.52	-0.77	25.67
nt-780:	780	780	-24.04	-0.63	26.59
nt-781:	781	781	-23.98	-0.63	26.54
nt-782*:	782	832	-22.83	-0.83	30.58
nt-783*:	783	831	-22.83	-0.83	30.58
nt-784*:	784	830	-22.83	-0.83	30.58
nt-785:	785	785	-23.22	-0.63	29.37
nt-786*:	786	828	-23.29	-0.9	28.92
nt-787*:	787	827	-23.34	-0.89	28.8
nt-788*:	788	826	-23.34	-0.89	28.8
nt-789:	789	825	-23.34	-0.89	28.8
nt-790:	790	790	-23.7	-0.7	27.19
nt-791:	791	791	-24.04	-0.67	26.75
nt-792:	792	823	-23.34	-0.89	28.8
nt-793:	793	822	-23.34	-0.89	28.8
nt-794:	794	821	-23.34	-0.89	28.8
nt-795:	795	795	-23.22	-0.67	27.69
nt-796:	796	796	-24.01	-0.85	25.92
nt-797:	797	797	-23.43	-0.89	26.1
nt-798:	798	820	-23.33	-0.89	27.29
nt-799:	799	819	-23.33	-0.87	27.2
nt-800:	800	818	-23.38	-0.87	26.96
nt-801:	801	817	-23.38	-0.87	26.96
nt-802:	802	816	-23.38	-0.87	26.96
nt-803:	803	815	-23.38	-0.87	26.96
nt-804:	804	804	-23.32	-0.67	27.49
nt-805:	805	813	-23.55	-0.86	26.14
nt-806:	806	812	-23.55	-0.86	26.14
nt-807:	807	807	-23.24	-0.68	28.0
nt-808:	808	808	-23.38	-0.68	28.03
nt-809:	809	809	-23.21	-0.75	27.51
nt-810:	810	810	-23.48	-0.92	26.58
nt-811:	811	811	-23.62	-0.87	26.76
nt-812:	806	812	-23.55	-0.86	26.14
nt-813:	805	813	-23.55	-0.86	26.14
nt-814:	814	814	-22.77	-0.74	27.33
nt-815:	803	815	-23.38	-0.87	26.96
nt-816:	802	816	-23.38	-0.87	26.96
nt-817:	801	817	-23.38	-0.87	26.96
nt-818:	800	818	-23.38	-0.87	26.96
nt-819:	799	819	-23.33	-0.87	27.2
nt-820:	798	820	-23.33	-0.89	27.29
nt-821:	794	821	-23.34	-0.89	28.8
nt-822:	793	822	-23.34	-0.89	28.8
nt-823:	792	823	-23.34	-0.89	28.8
nt-824:	824	824	-23.31	-0.92	28.07
nt-825:	789	825	-23.34	-0.89	28.8
nt-826*:	826	892	-20.44	-1.44	22.38
nt-827*:	827	891	-20.44	-1.44	22.38
nt-828*:	828	890	-20.44	-1.44	22.38
nt-829:	829	829	-21.64	-1.17	26.78
nt-830:	830	830	-20.36	-1.45	23.96
nt-831:	831	831	-20.17	-1.46	24.18
nt-832:	832	832	-20.12	-1.44	23.34
nt-833:	833	833	-21.38	-1.13	27.23
nt-834:	834	834	-21.29	-1.03	28.03
nt-835:	835	835	-21.21	-1.06	27.74
nt-836:	836	836	-21.17	-1.08	27.56
nt-837:	837	837	-20.88	-1.35	26.54
nt-838:	838	838	-20.83	-1.36	26.38
nt-839:	839	839	-20.86	-1.26	26.66
nt-840:	840	840	-20.83	-1.28	26.46
nt-841:	841	841	-20.79	-1.59	24.26
nt-842:	842	878	-20.78	-1.74	22.86
nt-843:	843	877	-20.78	-1.74	22.86
nt-844:	844	876	-20.78	-1.74	22.86
nt-845:	845	875	-20.78	-1.74	22.86
nt-846:	846	874	-20.78	-1.74	22.86
nt-847:	847	873	-20.78	-1.74	22.86
nt-848:	848	872	-20.78	-1.74	22.86
nt-849:	849	849	-20.87	-1.7	22.87
nt-850:	850	850	-20.9	-1.59	23.24
nt-851:	851	851	-20.92	-1.54	23.58
nt-852:	852	852	-20.76	-1.5	24.39
nt-853:	853	853	-20.77	-1.26	26.16
nt-854:	854	871	-20.85	-1.68	22.72
nt-855:	855	870	-20.82	-1.67	22.77
nt-856:	856	869	-20.82	-1.67	22.77
nt-857:	857	868	-20.82	-1.67	22.77
nt-858:	858	867	-20.82	-1.67	22.77
nt-859:	859	859	-20.68	-1.45	24.21
nt-860:	860	860	-20.69	-1.55	23.31
nt-861:	861	861	-20.66	-1.57	23.26
nt-862:	862	862	-20.61	-1.51	23.73
nt-863:	863	863	-20.61	-1.59	23.09
nt-864:	864	864	-20.59	-1.6	23.05
nt-865:	865	865	-20.58	-1.56	23.36
nt-866:	866	866	-20.57	-1.53	23.54
nt-867:	858	867	-20.82	-1.67	22.77
nt-868:	857	868	-20.82	-1.67	22.77
nt-869:	856	869	-20.82	-1.67	22.77
nt-870:	855	870	-20.82	-1.67	22.77
nt-871:	854	871	-20.85	-1.68	22.72
nt-872:	848	872	-20.78	-1.74	22.86
nt-873:	847	873	-20.78	-1.74	22.86
nt-874:	846	874	-20.78	-1.74	22.86
nt-875:	845	875	-20.78	-1.74	22.86
nt-876:	844	876	-20.78	-1.74	22.86
nt-877:	843	877	-20.78	-1.74	22.86
nt-878:	842	878	-20.78	-1.74	22.86
nt-879:	879	879	-20.73	-1.72	23.35
nt-880:	880	880	-20.77	-1.73	23.15
nt-881:	881	881	-20.77	-1.76	22.59
nt-882:	882	882	-20.79	-1.75	22.86
nt-883:	883	883	-20.87	-1.79	22.63
nt-884:	884	884	-20.78	-1.8	22.1
nt-885:	885	885	-20.75	-1.8	22.01
nt-886:	886	886	-20.71	-1.8	21.95
nt-887:	887	887	-20.56	-1.76	22.04
nt-888:	888	888	-20.55	-1.77	22.05
nt-889:	889	889	-20.66	-1.76	22.74
nt-890:	890	890	-20.74	-1.91	23.09
nt-891:	891	891	-20.8	-1.91	23.32
nt-892:	892	892	-21.06	-1.99	22.48
nt-893:	893	893	-20.74	-1.8	20.51
nt-894:	894	894	-21.08	-2.05	19.73
nt-895:	895	895	-20.95	-1.99	21.53
nt-896:	896	896	-21.31	-2.1	19.67
nt-897:	897	897	-20.58	-1.95	20.88
nt-898:	898	898	-20.51	-1.77	21.64
nt-899:	899	899	-20.76	-1.75	21.43
nt-900:	900	900	-20.7	-1.73	23.12
nt-901:	901	901	-20.76	-1.79	22.95
nt-902:	999	902	-20.21	-1.7	24.31
nt-903:	998	903	-19.98	-1.75	21.89
nt-904:	997	904	-19.94	-1.68	22.27
nt-905:	996	905	-19.84	-1.87	19.72
nt-906:	995	906	-19.84	-1.87	19.72
nt-907*:	907	925	-19.84	-1.87	19.72
nt-908:	924	908	-19.84	-1.87	19.72
nt-909*:	909	923	-19.84	-1.87	19.72
nt-910*:	910	922	-19.84	-1.87	19.72
nt-911:	921	911	-19.84	-1.87	19.72
nt-912:	912	912	-19.82	-1.84	19.95
nt-913:	919	913	-19.84	-1.87	19.72
nt-914:	918	914	-19.84	-1.87	19.72
nt-915:	915	915	-19.79	-1.82	20.44
nt-916:	916	916	-19.8	-1.84	20.27
nt-917:	917	917	-19.81	-1.84	20.36
nt-918:	918	914	-19.84	-1.87	19.72
nt-919:	919	913	-19.84	-1.87	19.72
nt-920:	920	920	-20.58	-1.9	20.05
nt-921:	921	911	-19.84	-1.87	19.72
nt-922:	982	922	-19.84	-1.87	19.72
nt-923:	981	923	-19.84	-1.87	19.72
nt-924:	924	908	-19.84	-1.87	19.72
nt-925:	979	925	-19.84	-1.87	19.72
nt-926*:	926	906	-19.84	-1.87	19.72
nt-927*:	927	905	-19.84	-1.87	19.72
nt-928:	976	928	-19.57	-1.98	20.0
nt-929:	975	929	-19.57	-1.98	20.0
nt-930:	974	930	-19.57	-1.98	20.0
nt-931:	931	931	-21.42	-1.8	23.16
nt-932:	972	932	-19.57	-1.98	20.0
nt-933:	971	933	-19.8	-1.95	19.42
nt-934:	970	934	-19.81	-1.94	19.19
nt-935:	969	935	-19.78	-1.95	19.28
nt-936:	968	936	-19.75	-1.96	19.38
nt-937*:	937	932	-19.57	-1.98	20.0
nt-938*:	938	931	-19.57	-1.98	20.0
nt-939*:	939	930	-19.57	-1.98	20.0
nt-940*:	940	929	-19.57	-1.98	20.0
nt-941*:	941	928	-19.57	-1.98	20.0
nt-942:	964	942	-19.61	-2.05	20.16
nt-943:	963	943	-19.61	-2.04	20.09
nt-944:	962	944	-19.61	-2.05	20.0
nt-945:	961	945	-19.63	-2.05	19.96
nt-946:	946	946	-20.62	-1.89	22.84
nt-947:	947	947	-20.72	-1.89	22.94
nt-948:	948	948	-20.76	-1.87	23.0
nt-949:	959	949	-19.74	-2.01	19.95
nt-950:	958	950	-21.74	-1.72	26.07
nt-951:	957	951	-21.74	-1.72	26.07
nt-952:	952	952	-21.74	-1.72	26.07
nt-953:	953	953	-21.65	-1.73	25.93
nt-954:	954	954	-20.95	-1.82	23.24
nt-955:	955	955	-20.98	-1.82	23.26
nt-956:	956	956	-21.58	-1.74	25.81
nt-957:	957	951	-21.74	-1.72	26.07
nt-958:	958	950	-21.74	-1.72	26.07
nt-959:	959	949	-21.74	-1.72	26.07
nt-960:	960	960	-21.1	-1.77	23.5
nt-961:	961	945	-21.74	-1.72	26.07
nt-962:	962	944	-21.74	-1.72	26.07
nt-963:	963	943	-21.74	-1.72	26.07
nt-964:	964	942	-21.74	-1.72	26.07
nt-965*:	965	941	-21.94	-1.76	26.12
nt-966:	966	966	-21.19	-1.69	24.66
nt-967:	967	967	-21.14	-1.66	24.95
nt-968:	968	936	-21.94	-1.76	26.12
nt-969:	969	935	-21.94	-1.76	26.12
nt-970:	970	934	-21.94	-1.76	26.12
nt-971:	971	933	-21.94	-1.76	26.12
nt-972:	972	932	-21.94	-1.76	26.12
nt-973:	973	973	-22.12	-1.79	26.19
nt-974:	974	930	-22.32	-1.84	26.14
nt-975:	975	929	-22.32	-1.84	26.14
nt-976:	976	928	-22.32	-1.84	26.14
nt-977*:	977	927	-22.32	-1.84	26.14
nt-978*:	978	926	-22.32	-1.84	26.14
nt-979:	979	925	-22.54	-1.87	25.92
nt-980:	980	980	-22.7	-1.88	26.29
nt-981:	981	923	-23.05	-1.91	27.37
nt-982:	982	922	-23.09	-1.99	25.41
nt-983:	983	983	-20.6	-1.7	30.82
nt-984:	984	984	-20.6	-1.64	32.83
nt-985*:	985	915	-28.68	-2.58	16.94
nt-986*:	986	914	-28.68	-2.58	16.94
nt-987:	987	987	-21.36	-1.57	38.14
nt-988*:	988	912	-28.68	-2.58	16.94
nt-989:	989	989	-25.09	-2.15	26.26
nt-990*:	990	911	-28.68	-2.58	16.94
nt-991*:	991	910	-28.68	-2.58	16.94
nt-992*:	992	909	-28.68	-2.58	16.94
nt-993:	993	993	-28.68	-2.58	16.94
nt-994*:	994	907	-28.68	-2.58	16.94
nt-995:	995	906	-28.68	-2.58	16.94
nt-996:	996	905	-28.68	-2.58	16.94
nt-997:	997	904	-29.55	-2.75	11.29
nt-998:	998	903	-30.27	-2.92	9.67
nt-999:	999	902	-30.65	-3.13	9.49
nt-1000:	1000	1000	-30.8	-3.18	9.39
